Strain 1	Strain 2	Initial divergence raw	Initial divergence	Alignment size raw	Alignment size	Genome 1 size	Genome 2 size	Observed SSD	SSD 95 CI low	SSD 95 CI high	mu_div	mnb_div	sim_fr	nb_size	hmm_fr	hmm_mu	hmm_mnb	totalR	div	type
GCA_027684105	GUT_GENOME001569	0.0130810761925601	0.0100452890165701	5219066	5098808	6177596	6376662	52.3466904550804	44.4152222455646	60.2677210346504	0.00263217887432432	0.0181703347261991	67.3047162174413	2	54.3161848547857	0.00269161230782144	0.0218048023013736	67.3047162174413	0.00263217887432432	NC
GCA_027684105	GCA_027680565	0.0182327384508241	0.0128880347539607	4836081	4644075	6177596	6273636	29.2270053107488	25.9205851002509	32.8914786767211	0.0056979678248843	0.0281885533326652	55.6354664647776	2	48.5962172838485	0.00498505300850969	0.0322412176351003	55.6354664647776	0.0056979678248843	NC
GCA_027684105	GCA_027693325	0.0126347774230945	0.00991127201094426	5208402	5100758	6177596	6446767	54.3229921429125	46.3204098858168	62.2074297345657	0.00235110090535306	0.0172607908808545	68.9789457116838	2	53.5122419587134	0.002649854389987	0.0213032833051526	68.9789457116838	0.00235110090535306	NC
GUT_GENOME001569	GCA_027680565	0.0177461266536655	0.0123856101974008	4858525	4671308	6376662	6273636	34.6530055068075	30.8893677879747	39.0669710378497	0.00514801141851202	0.027796996431242	54.8032406541788	2	46.3562252964427	0.00483974211374636	0.0326761130777856	54.8032406541788	0.00514801141851202	NC
GUT_GENOME001569	GCA_027693325	0.00954862725543376	0.00686633445658831	5699458	5559735	6376662	6446767	440.883087716028	328.14091615611	634.896873523716	0.000581227464305434	0.015837708188641	58.5810963824708	2	55.0771687534548	0.000490829899021406	0.0169280016517697	58.5810963824708	0.000581227464305434	NC
GUT_GENOME000947	GUT_GENOME239749	0.0129546791425562	0.00697542599900522	5043969	4752828	6026957	6089810	596.858408453107	499.374062874251	745.840005980099	0.000920141984284485	0.030516095341539	40.6084447837617	2	39.3303655525922	0.000881160936070157	0.0315812574487373	40.6084447837617	0.000920141984284485	NC
GUT_GENOME000947	GMC_3401SE_0218_027_E1_final	0.0217256405726316	0.0141626455207329	4596044	4335207	6026957	5776522	76.982220950597	69.4242649324371	88.7794090958558	0.00316792893928705	0.0369979650113515	54.6912004036933	2	50.1479837217906	0.0031824948161083	0.0401631064776416	54.6912004036933	0.00316792893928705	NC
GUT_GENOME000947	GUT_GENOME140069	0.00863207752926424	0.00293753253546483	5249837	4777479	6026957	5883199	1468.32870046603	1113.28858269371	1884.34967669373	0.000591961727068442	0.0274868187837458	29.8218727567936	2	33.4146202061384	0.000353218884120132	0.0251193696240435	29.8218727567936	0.000591961727068442	NC
GUT_GENOME000947	GUT_GENOME001402	0.0280087569443025	0.0178067873492912	4158985	3863246	6026957	5652331	97.8208644534652	85.0272098705125	114.254149973712	0.00236711704020181	0.0432074069453051	62.9313283799767	2	61.2486622334989	0.00217091789238517	0.0443551420217605	62.9313283799767	0.00236711704020181	NC
GUT_GENOME000947	GUT_GENOME143484	0.00168182683899123	0.000132055905917415	5450026	5035746	6026957	5774847	2560.85731160146	1281.93366422072	4703.88552819816	0.000101382573412011	0.0276789134880776	5.71795096641384	2	5.84867225780404	8.67573678465582e-05	0.0273373889410527	5.71795096641384	0.000101382573412011	NC
GUT_GENOME000947	GUT_GENOME001390	0.015089508881965	0.00835742562961081	4933030	4645330	6026957	5784588	333.246107760975	273.122179528724	414.265889333858	0.0013962674166178	0.0344132933986514	41.8927902942542	2	43.1489629164048	0.00111728097861958	0.0334957397225569	41.8927902942542	0.0013962674166178	NC
GUT_GENOME000947	GCA_027670505	0.0136982902810894	0.00746610650011263	4917475	4634812	6026957	5907797	544.655829450598	450.333904568398	658.326126502321	0.000989008319103846	0.0314756338657397	41.6271029241593	2	40.4796046007871	0.000917491072496536	0.0324829186824932	41.6271029241593	0.000989008319103846	NC
GUT_GENOME000947	GMC_5893AJ_0218_015_A6_final	0.0215043503644547	0.0141567560615008	4590420	4338282	6026957	5849934	77.0584015388986	67.3527698402334	86.8219136168282	0.00315038340953023	0.0366169252414749	54.8875155592857	2	49.9705850310491	0.00317716998388574	0.0398417297797639	54.8875155592857	0.00315038340953023	NC
GUT_GENOME000947	GCA_027663725	0.0112040273354967	0.00541415449020249	5115839	4783203	6026957	5943536	695.098436536096	575.024428718736	893.947896120227	0.000871960581593357	0.0286899534627654	37.3259713636285	2	35.8501632485484	0.000841003291478804	0.029747991201216	37.3259713636285	0.000871960581593357	NC
GUT_GENOME000947	bf_0095_0063_a1_final	0.0141993775533536	0.0076999499032279	5025009	4734836	6026957	6052076	349.363033817905	293.436454949898	416.659261905359	0.00127064003727694	0.0324857541469364	41.4837464995069	2	41.9607491889095	0.00106376995490336	0.0323636943293352	41.4837464995069	0.00127064003727694	NC
GUT_GENOME000947	GCA_027680785	0.027309703100492	0.0172626729425559	4149148	3854965	6026957	5624952	101.06136722329	87.7565934834445	123.504049318451	0.00235821788244081	0.0422995554112468	62.472836726766	2	60.7854008967745	0.00217710702649545	0.0435248451637062	62.472836726766	0.00235821788244081	NC
GUT_GENOME000947	OP41wA13	0.0154138961848857	0.00802161779905832	4784968	4491114	6026957	5807607	269.750391488023	235.426153475142	312.146127874471	0.00157808605769496	0.0349377696053733	41.1833293213373	2	38.1632717049362	0.00162356758949391	0.0377393262513879	41.1833293213373	0.00157808605769496	NC
GUT_GENOME000947	GCA_027664105	0.0152330919322487	0.00806648650244818	4862309	4571755	6026957	5689189	284.403800696202	240.596294155702	340.799828884741	0.0015133946494729	0.0346233644866512	41.4383621665767	2	38.1803595672029	0.00159781053472193	0.0372732959627922	41.4383621665767	0.0015133946494729	NC
GUT_GENOME000947	GUT_GENOME001153	0.0138771913145461	0.00724674546037814	5069902	4756894	6026957	6031112	566.009427602178	410.914460751818	692.923203641098	0.00100027531362008	0.0326725254052036	40.7695997843312	2	40.0976523969225	0.000911063906865009	0.0332426684004647	40.7695997843312	0.00100027531362008	NC
GUT_GENOME000947	GUT_GENOME096133	0.0150074108792316	0.00788016732682406	4928565	4625917	6026957	6052596	306.930057405462	249.417653961081	388.90996565739	0.00152096100943385	0.0350059941665285	40.2173818485876	2	37.1840532505352	0.00158867333257945	0.0376486600479293	40.2173818485876	0.00152096100943385	NC
GUT_GENOME000947	GUT_GENOME001215	0.013064175294229	0.00642856546495901	5112684	4790960	6026957	6179886	435.502988531967	357.065784007066	513.161065633855	0.00120017737458347	0.0323886415721023	37.9409519172971	2	38.4525847312564	0.00101158558873556	0.0323484413180063	37.9409519172971	0.00120017737458347	NC
GUT_GENOME000947	GUT_GENOME239778	0.015163345708699	0.00811706447708428	4825716	4538217	6026957	5700304	279.519492265796	239.563024026412	328.95752716737	0.00152067720132371	0.0339976159519256	41.8233767120095	2	38.3352677831205	0.00161269830599619	0.0369148116667987	41.8233767120095	0.00152067720132371	NC
GUT_GENOME239749	GMC_3401SE_0218_027_E1_final	0.0203932528584559	0.0136000582716443	4731663	4489319	6089810	5776522	85.2899811908096	77.1945314697824	99.6310302214115	0.00287782063669838	0.0346812928679826	55.0668952762486	2	48.9055646567669	0.00306443538878431	0.0384926636024846	55.0668952762486	0.00287782063669838	NC
GUT_GENOME239749	GUT_GENOME140069	0.0123133861385678	0.00654415261502816	5161862	4861592	6089810	5883199	572.669837824921	465.283882349181	723.236252656934	0.000959999315159835	0.0289254114069346	39.5793466988211	2	39.0025092279522	0.000897317386953907	0.0301685429759261	39.5793466988211	0.000959999315159835	NC
GUT_GENOME239749	GUT_GENOME001402	0.0266838287073963	0.0163673469911983	4197636	3892995	6089810	5652331	122.025515540508	99.5776946730441	146.478667062485	0.00211518340564711	0.0423858684385438	60.9943878799916	2	58.618676579217	0.0020450292229293	0.0440395432443254	60.9943878799916	0.00211518340564711	NC
GUT_GENOME239749	GUT_GENOME143484	0.0119945572868788	0.00630707939827795	4993098	4700908	6089810	5774847	637.095356441065	515.820816164711	808.879889339861	0.00090378082488185	0.029436533056744	38.8630491527297	2	37.3917049768136	0.00086920492721173	0.0306088185224242	38.8630491527297	0.00090378082488185	NC
GUT_GENOME239749	GUT_GENOME001390	0.0132906878956564	0.00711080642361221	5021561	4734906	6089810	5784588	414.591707755653	341.77775652468	517.18025514903	0.0012149490650053	0.0312513536529906	40.0915898740091	2	40.4449623056775	0.00102958144512645	0.0313481612926881	40.0915898740091	0.0012149490650053	NC
GUT_GENOME239749	GCA_027670505	0.00514865332232665	0.00100516909223057	5545722	4914596	6089810	5907797	4273.35938283407	3185.10803432785	5401.06169666591	0.0002735975117374	0.0242298786437895	19.9476892420374	2	20.9773120761795	0.000204877158148197	0.023758040780723	19.9476892420374	0.0002735975117374	NC
GUT_GENOME239749	GMC_5893AJ_0218_015_A6_final	0.0203161377385754	0.0136792683632029	4732937	4496220	6089810	5849934	84.2681188487979	71.7163805726917	98.6940032032478	0.00288330999557812	0.0344084068320745	55.3045453291842	2	48.9359678782756	0.00307612721666977	0.0383012367350097	55.3045453291842	0.00288330999557812	NC
GUT_GENOME239749	GCA_027663725	0.0125928949135887	0.00649638446962632	5047370	4744947	6089810	5943536	577.826055527016	441.789004701691	735.54539292933	0.000962071885041921	0.0300181361275194	40.3498052284494	2	38.4963687344569	0.000902682239226835	0.0312688169914159	40.3498052284494	0.000962071885041921	NC
GUT_GENOME239749	bf_0095_0063_a1_final	0.0143409842829299	0.00829003932029484	5031663	4765478	6089810	6052076	338.310865980534	289.938115013503	399.886723316547	0.00128841846757757	0.031603391668168	43.2404563684047	2	43.5283009491626	0.00107939245674873	0.0315440060838482	43.2404563684047	0.00128841846757757	NC
GUT_GENOME239749	GCA_027680785	0.0266879172042072	0.0164754624638085	4181855	3879709	6089810	5624952	115.063850003776	94.5517874144802	134.304019972779	0.002204837139679	0.0423256851544334	61.0826422679287	2	59.0081201640775	0.00209487411383738	0.0437761612122432	61.0826422679287	0.002204837139679	NC
GUT_GENOME239749	OP41wA13	0.0147005011534484	0.00882580878111501	4776980	4542020	6089810	5807607	282.218583765636	234.995039710552	344.555940701487	0.00141937143647015	0.0306407391180496	45.5730557591355	2	45.8024936924865	0.00116882364303663	0.0307054432825873	45.5730557591355	0.00141937143647015	NC
GUT_GENOME239749	GCA_027664105	0.0147985455647175	0.00871647328888799	4858518	4611957	6089810	5689189	292.902756230459	231.580541773489	349.918869515296	0.00143654775296983	0.0313803439580934	44.5980590966753	2	45.4926301054018	0.00115399867812306	0.0311387628032169	44.5980590966753	0.00143654775296983	NC
GUT_GENOME239749	GUT_GENOME001153	0.00627900802373486	0.00138727654564651	5476502	4872136	6089810	6031112	3592.62446095912	2519.16057902939	4637.72339992833	0.000356357949769719	0.0268070814960624	22.53117266654	2	24.2375264811162	0.000243295688751217	0.0251451567801041	22.53117266654	0.000356357949769719	NC
GUT_GENOME239749	GUT_GENOME096133	0.0128083925768864	0.00680882197254375	5057231	4770135	6089810	6052596	435.135285792728	346.263022522425	529.068488828586	0.00119974951923965	0.0306799029360936	38.8478879885772	2	39.5625259577161	0.00101911057299007	0.0307627511220879	38.8478879885772	0.00119974951923965	NC
GUT_GENOME239749	GUT_GENOME001215	0.0141242335756051	0.00836569852076297	4926285	4680183	6089810	6179886	310.447868516027	250.326780437289	366.495102792729	0.00138089231229407	0.0307630950152979	43.333518013479	2	43.985706599531	0.00113342274094762	0.0306648091121079	43.333518013479	0.00138089231229407	NC
GUT_GENOME239749	GUT_GENOME239778	0.0151126383042588	0.0087940230135791	4837342	4584250	6089810	5700304	291.282681214375	248.795369559357	354.53391873866	0.00146116615886423	0.0322245584052459	44.207355681806	2	45.6827392275246	0.00115572896840515	0.0317011883475377	44.207355681806	0.00146116615886423	NC
GCA_027680565	GCA_027693325	0.0180482055691023	0.012416671719283	4899102	4700535	6273636	6446767	34.541322694006	30.5529629789441	39.4658440181383	0.00523604227423987	0.0285136616741112	54.9809464690272	2	46.8896737577069	0.00483426550577573	0.0329954374295506	54.9809464690272	0.00523604227423987	NC
GCA_027680565	GUT_GENOME001792	0.0275035403064553	0.0208543148538707	4713575	4494034	6273636	6518403	13.4774053637974	9.18359029967962	35.755030322983	0.0132619366870792	0.0340287066156931	68.651004431756	2	48.7570687405175	0.0123790219056657	0.0433993378615668	68.651004431756	0.0132619366870792	NC
GCA_027680565	GUT_GENOME000831	0.0276635364899315	0.0210755415132413	4662889	4446244	6273636	6605530	9.34068524244657	8.28344045185183	10.4023683595238	0.0134897856992919	0.035631655683984	64.0299678672055	2	42.8361522538852	0.0131802097600303	0.0469858992570443	64.0299678672055	0.0134897856992919	NC
GMC_3401SE_0218_027_E1_final	GUT_GENOME140069	0.0209724847092119	0.0138433072368641	4675364	4423076	5776522	5883199	77.7543317905428	68.4556161452862	88.8808868868203	0.00304214725248169	0.0351894748394722	55.8369716687338	2	50.1545636385029	0.00315339055793992	0.0386801386136409	55.8369716687338	0.00304214725248169	NC
GMC_3401SE_0218_027_E1_final	GUT_GENOME001402	0.0368186326020309	0.0258139950842111	4061612	3768266	5776522	5652331	30.6554213485369	26.8546075156755	34.8032327642305	0.0035903133269801	0.0450890232928045	79.968145591926	2	74.3443248700963	0.00372912267229808	0.0482038141479491	79.968145591926	0.0035903133269801	NC
GMC_3401SE_0218_027_E1_final	GUT_GENOME143484	0.0205300203025456	0.0136140604707848	4642275	4401332	5776522	5774847	81.2541812408026	72.8226918500276	92.7618355073928	0.00303078419866153	0.0353793930670529	54.0952086136609	2	48.6679522121796	0.00312436516264435	0.0388888509428999	54.0952086136609	0.00303078419866153	NC
GMC_3401SE_0218_027_E1_final	GUT_GENOME001390	0.0183989255372314	0.0127727933120305	4802400	4590930	5776522	5784588	90.8417891952349	76.5400734656528	105.697596529445	0.00282148781254397	0.0320908426889346	53.5269243496985	2	46.4359724666507	0.00304224585415181	0.0361050698046063	53.5269243496985	0.00282148781254397	NC
GMC_3401SE_0218_027_E1_final	GCA_027670505	0.0211635306973802	0.0140592664565953	4692648	4437856	5776522	5907797	80.7593282581562	73.0007087240482	92.9908435734444	0.00299203611315683	0.0354668938947856	55.5633774599144	2	49.977620052433	0.00311483233201246	0.0392057028815996	55.5633774599144	0.00299203611315683	NC
GMC_3401SE_0218_027_E1_final	GMC_5893AJ_0218_015_A6_final	0.0012414912386843	5.04714102073814e-05	5685904	5527882	5776522	5849934	4851.74717603032	1449.46421241915	9896.28182906736	4.57063887345276e-05	0.106403856465263	1.4660916414971	2	1.67897977132806	3.65682389458881e-05	0.0717159653105176	1.4660916414971	4.57063887345276e-05	NC
GMC_3401SE_0218_027_E1_final	GCA_027663725	0.0215597931824268	0.0144679231786347	4622818	4372846	5776522	5943536	72.5194189032342	64.423135169382	80.7702053967493	0.00306185827225711	0.0350803244806416	57.7956232864727	2	51.7016811268093	0.00319549343726198	0.0386943345552678	57.7956232864727	0.00306185827225711	NC
GMC_3401SE_0218_027_E1_final	bf_0095_0063_a1_final	0.019037465569802	0.012990490534827	4678669	4459031	5776522	6052076	92.9582669465609	75.7093824689985	145.071666128554	0.00280842965285525	0.0329083798045555	53.8619326559042	2	47.1583560472449	0.00302714620924033	0.0369757020347919	53.8619326559042	0.00280842965285525	NC
GMC_3401SE_0218_027_E1_final	GCA_027680785	0.03623850351638	0.0257525200609228	3994591	3716180	5776522	5624952	29.67216711178	27.2479133161825	34.2595135291262	0.00370032656054763	0.0442873733833583	80.2203242847812	2	70.7460593692487	0.00458657878969455	0.0493315528898996	80.2203242847812	0.00370032656054763	NC
GMC_3401SE_0218_027_E1_final	OP41wA13	0.0187952943397324	0.0130550042197592	4746454	4533434	5776522	5807607	85.8040746011171	76.1999600082425	97.1404074914651	0.00281460425004727	0.0322012678574726	54.5720011808413	2	47.1525955895523	0.00305614258941756	0.0364375948548579	54.5720011808413	0.00281460425004727	NC
GMC_3401SE_0218_027_E1_final	GCA_027664105	0.0185335862093715	0.0130986485733674	4764917	4559478	5776522	5689189	86.4685343932798	77.8223566984966	96.4130423158568	0.00275235079966732	0.0316666688900698	55.2600821925777	2	52.8568429890848	0.00244427623669794	0.0328874326280028	55.2600821925777	0.00275235079966732	NC
GMC_3401SE_0218_027_E1_final	GUT_GENOME001153	0.0207100591715976	0.0138915268568476	4720170	4475246	5776522	6031112	78.045049981516	68.4207122509054	87.2678080553874	0.00298686583224264	0.0348543442726	55.6212356952256	2	49.656195370027	0.00312279815644935	0.0385379363318201	55.6212356952256	0.00298686583224264	NC
GMC_3401SE_0218_027_E1_final	GUT_GENOME096133	0.018266139451966	0.0126068545770887	4821818	4608366	5776522	6052596	90.2865527610486	79.3182511271254	104.44842437826	0.00282160215242372	0.0320626323202433	52.8211550012655	2	45.9665207741293	0.00303217014088848	0.0361666826380217	52.8211550012655	0.00282160215242372	NC
GMC_3401SE_0218_027_E1_final	GUT_GENOME001215	0.0195045405773207	0.0133121415790786	4776375	4552085	5776522	6179886	85.9869454380023	74.4561725486719	103.178362473116	0.00290556260373795	0.0339015560509368	53.5747841363505	2	47.4405553403344	0.00306504113627769	0.037718214206887	53.5747841363505	0.00290556260373795	NC
GMC_3401SE_0218_027_E1_final	GUT_GENOME239778	0.0187516093396123	0.0131639033513344	4749619	4539535	5776522	5700304	86.4096009724212	75.4676649491723	95.8529247361078	0.00277642655445898	0.0320224577626154	54.756679873819	2	47.2824141343947	0.00303830790125438	0.0362655877955929	54.756679873819	0.00277642655445898	NC
GUT_GENOME140069	GUT_GENOME001402	0.0275771806510785	0.0171397883563672	4205361	3897306	5883199	5652331	102.891615817381	87.6630084157648	117.266265065944	0.0023187935642517	0.0428271036041606	62.3633924420492	2	60.5834294616418	0.002151335042993	0.0441220336178172	62.3633924420492	0.0023187935642517	NC
GUT_GENOME140069	GUT_GENOME143484	0.00775666366719367	0.00263300873490199	5282039	4809327	5883199	5774847	1602.81795708313	1270.58622771796	2026.77865389952	0.000516349909036126	0.0249135275082701	29.5461983791018	2	31.8721478479862	0.000337057728119145	0.0236051431763494	29.5461983791018	0.000516349909036126	NC
GUT_GENOME140069	GUT_GENOME001390	0.0137907984402508	0.00742862913911286	4912841	4633964	5883199	5784588	314.353083428131	244.280171802331	370.790385340557	0.00142331094416209	0.031844280771231	40.6209667984766	2	42.0987805126326	0.00113162567465424	0.0311913698391999	40.6209667984766	0.00142331094416209	NC
GUT_GENOME140069	GCA_027670505	0.0131785933764189	0.00721538973873828	5116024	4828568	5883199	5907797	562.246747003918	451.427601690942	708.173179691361	0.000994279263564659	0.0304476302553489	41.433801679432	2	40.4039021720005	0.000917924156934868	0.0312624865321642	41.433801679432	0.000994279263564659	NC
GUT_GENOME140069	GMC_5893AJ_0218_015_A6_final	0.0209037128334827	0.0138573508005822	4681465	4431150	5883199	5849934	77.676369218038	68.5466741983377	87.2464301256804	0.00301548140931871	0.0348903280199514	56.0457045961418	2	50.1105639294527	0.00314727420667208	0.0385804570592833	56.0457045961418	0.00301548140931871	NC
GUT_GENOME140069	GCA_027663725	0.0110301441290805	0.0054112163603131	5150522	4822206	5883199	5943536	737.045874978892	557.202952319552	889.913982644163	0.000840299652165281	0.0276331671620786	37.9741451164744	2	35.9251203977008	0.00083531337131781	0.029200542197366	37.9741451164744	0.000840299652165281	NC
GUT_GENOME140069	bf_0095_0063_a1_final	0.0128214700506004	0.00702627866115147	4968931	4697081	5883199	6052076	330.063589230008	279.843635890704	388.270716902041	0.00128460128406145	0.0296799832694512	40.4405490900578	2	40.7860305958132	0.00108357270332301	0.029861015787373	40.4405490900578	0.00128460128406145	NC
GUT_GENOME140069	GCA_027680785	0.0271910653835849	0.0170993244378439	4154269	3856936	5883199	5624952	93.4659255340962	83.2935237270668	105.361490470453	0.00248206271813762	0.0418823366728497	62.8209512124025	2	56.5037861003768	0.00286690099914192	0.0459196560199336	62.8209512124025	0.00248206271813762	NC
GUT_GENOME140069	OP41wA13	0.0148614260433147	0.00849040335800615	4840989	4581290	5883199	5807607	276.51159729023	232.344460468211	322.373361872498	0.00143371350991775	0.0318850470061189	44.1506620249628	2	45.0863110918276	0.00115424121000071	0.0315440993404358	44.1506620249628	0.00143371350991775	NC
GUT_GENOME140069	GCA_027664105	0.0150686985837727	0.00837961885817395	4827756	4551639	5883199	5689189	286.548107686557	237.00524384159	359.881384442972	0.00142445668644197	0.0326493833495506	43.7916024598875	2	44.7237846628754	0.00113901278063055	0.0322627281653135	43.7916024598875	0.00142445668644197	NC
GUT_GENOME140069	GUT_GENOME001153	0.0128496525046782	0.00699386143774107	5029708	4746877	5883199	6031112	521.775414045098	437.352560989787	613.755842386476	0.000991769000476556	0.0297931939257829	41.2776996159264	2	39.929008908686	0.000928083155403361	0.0307741514879889	41.2776996159264	0.000991769000476556	NC
GUT_GENOME140069	GUT_GENOME096133	0.0135577893293107	0.00749108437595745	4965190	4693446	5883199	6052596	298.562534483208	237.097921230957	378.65789421715	0.00147398388436345	0.0310131073636845	40.5243292955749	2	42.2682177569623	0.00116547741586571	0.0304856541715396	40.5243292955749	0.00147398388436345	NC
GUT_GENOME140069	GUT_GENOME001215	0.0127973287228688	0.00725072037326066	4985181	4724634	5883199	6179886	416.606140358457	314.14006175839	522.955342787158	0.00118964854730242	0.0292675426448647	41.1855258343468	2	40.9971409941315	0.00103653705561329	0.0297237911888258	41.1855258343468	0.00118964854730242	NC
GUT_GENOME140069	GUT_GENOME239778	0.0153507715930678	0.0084096082231216	4797153	4517214	5883199	5700304	283.138188244999	238.21894233032	328.25484899499	0.00144917390460195	0.0334380048510908	43.4079954768298	2	44.9100860046912	0.00114663638944096	0.0327736199331369	43.4079954768298	0.00144917390460195	NC
GUT_GENOME001402	GUT_GENOME143484	0.0277670688108664	0.0173835038549193	4137239	3835878	5652331	5774847	98.3800312375047	84.0433820698228	113.642931307617	0.00234963927949147	0.0429126419699844	62.683689605679	2	61.0859947295892	0.00216258697813134	0.0440764284932262	62.683689605679	0.00234963927949147	NC
GUT_GENOME001402	GUT_GENOME001390	0.0289040182210977	0.0175969435822742	4127523	3806286	5652331	5784588	84.4854561645651	74.2150602739087	95.4756901325868	0.00267874736808554	0.0441660434579894	63.2371786250565	2	58.0344593612175	0.00294239930705921	0.0476792875055175	63.2371786250565	0.00267874736808554	NC
GUT_GENOME001402	GCA_027670505	0.0269088858745435	0.0164068911042835	4213924	3904396	5652331	5907797	114.31856450343	98.8403209277014	132.893698933337	0.00219538126540859	0.0426457457466777	60.9765229317078	2	59.0197009257061	0.00208462206776725	0.0441449933457438	60.9765229317078	0.00219538126540859	NC
GUT_GENOME001402	GMC_5893AJ_0218_015_A6_final	0.0370420970853137	0.0259369905855359	4062324	3764739	5652331	5849934	30.1645665178437	26.775899799482	33.7946374846451	0.00366522090320615	0.0453772020331269	79.9393631856005	2	70.7342295760083	0.00455712603062437	0.0504521306446739	79.9393631856005	0.00366522090320615	NC
GUT_GENOME001402	GCA_027663725	0.0269460261778202	0.0163563372934454	4182472	3874217	5652331	5943536	114.085537953013	99.7436813210537	135.954865310732	0.00228857060818221	0.0434319196224064	59.8943342741219	2	58.4759239994739	0.00210666052351202	0.0445669706792797	59.8943342741219	0.00228857060818221	NC
GUT_GENOME001402	bf_0095_0063_a1_final	0.0286759415870596	0.0184324823705692	4197700	3898878	5652331	6052076	77.965562897949	67.3884927357589	89.4264836526944	0.00245777945812389	0.0417520481323325	66.7430557385296	2	60.0428903318044	0.00292307233585765	0.0458138669870276	66.7430557385296	0.00245777945812389	NC
GUT_GENOME001402	GCA_027680785	0.0103204199798304	0.00573625994005968	4774515	4550526	5652331	5624952	209.172077363023	159.985741782191	280.984094520787	0.00162844554787473	0.0242210592044773	39.0334911490806	2	39.5885704709234	0.00128899368888277	0.0240989121980294	39.0334911490806	0.00162844554787473	NC
GUT_GENOME001402	OP41wA13	0.0297528083993071	0.0182290678005425	4117292	3793008	5652331	5807607	85.3596099343161	71.3859890640445	103.215375461074	0.00245393212263727	0.0438749861336983	65.7607215557012	2	59.8236301577854	0.00286715443221666	0.0478106459860919	65.7607215557012	0.00245393212263727	NC
GUT_GENOME001402	GCA_027664105	0.0298079624284105	0.0182807439819132	4086492	3764070	5652331	5689189	80.7896325180117	71.0609835857127	94.3272266437099	0.00262542850465484	0.0445887619565095	64.777811560523	2	59.392248289704	0.00292950785087842	0.0481813458863986	64.777811560523	0.00262542850465484	NC
GUT_GENOME001402	GUT_GENOME001153	0.0272348380418267	0.0167007458011748	4200282	3891922	5652331	6031112	115.354814721787	98.9801715802767	135.092409187933	0.00219575040832127	0.0430303042661639	61.3659946887833	2	59.3413266338838	0.00208176174300116	0.0444665676108624	61.3659946887833	0.00219575040832127	NC
GUT_GENOME001402	GUT_GENOME096133	0.0307466416653665	0.0188015409945452	4114986	3779637	5652331	6052596	76.6315393469653	65.2104020331022	91.4788152519682	0.00270897191187036	0.0450473248452201	66.1695551020061	2	60.9253655157327	0.00299897359335628	0.0485021335572242	66.1695551020061	0.00270897191187036	NC
GUT_GENOME001402	GUT_GENOME001215	0.0293252208899083	0.0182084552038697	4183532	3861338	5652331	6179886	77.2319903210329	68.9738989404264	91.6530675892599	0.00278407806863762	0.0442733667887439	63.9548550243368	2	58.8629082388945	0.00300790421945815	0.0476727542861985	63.9548550243368	0.00278407806863762	NC
GUT_GENOME001402	GUT_GENOME239778	0.0304147106652127	0.0184601828630191	4084438	3749692	5652331	5700304	78.6550775122605	69.166814800312	89.7090111032212	0.00269048636607688	0.045354468710485	64.9188898118493	2	59.8469450226521	0.0029562406611166	0.0488371813838396	64.9188898118493	0.00269048636607688	NC
GUT_GENOME143484	GUT_GENOME001390	0.0132352241611119	0.00714903707996977	4792892	4527323	5774847	5784588	343.279874715683	284.089018719567	430.352889062943	0.00135791424293768	0.0311405376090941	40.1408001099256	2	40.8967121944094	0.00110373561189196	0.0307496791753185	40.1408001099256	0.00135791424293768	NC
GUT_GENOME143484	GCA_027670505	0.012965437832049	0.00717185353622416	4919078	4646637	5774847	5907797	560.860614650735	463.179466132876	665.69523147983	0.000969589556473443	0.0304580364416285	40.6127225541968	2	39.5158748716489	0.000909402628836603	0.0314049343677288	40.6127225541968	0.000969589556473443	NC
GUT_GENOME143484	GMC_5893AJ_0218_015_A6_final	0.0205309810671256	0.0136725424162623	4648000	4407154	5774847	5849934	81.2439417105485	70.8285156731478	92.1753769125735	0.0030134610684117	0.0350756695768303	53.4674834476573	2	48.6986367695635	0.00312550335570475	0.0388555589700895	53.4674834476573	0.0030134610684117	NC
GUT_GENOME143484	GCA_027663725	0.0101871733741731	0.00517017639598334	5066960	4760766	5774847	5943536	687.762180216265	540.422884103447	899.146151907201	0.000857874070100083	0.0261361813846284	36.5475200836713	2	34.9197106226745	0.000851562026084413	0.0275483673246538	36.5475200836713	0.000857874070100083	NC
GUT_GENOME143484	bf_0095_0063_a1_final	0.0122373878607495	0.00659023026853037	4935939	4659473	5774847	6052076	373.622669429583	314.886982329596	451.209420746662	0.00120990492975842	0.0292325380216005	39.4283977499135	2	39.2046605876393	0.00104291309057594	0.0295984007943733	39.4283977499135	0.00120990492975842	NC
GUT_GENOME143484	GCA_027680785	0.0274183964793461	0.0173842454398143	4140140	3845896	5774847	5624952	97.4957839979161	80.1846579610859	123.281974398842	0.00235968779842323	0.041957360079707	63.283146107125	2	61.2884132199459	0.00219352825537499	0.0433456510297448	63.283146107125	0.00235968779842323	NC
GUT_GENOME143484	OP41wA13	0.0138900045870049	0.00752177917855042	4767817	4505450	5774847	5807607	272.683628352773	234.631461209779	313.967865592787	0.00150299055321795	0.0320319763219619	40.9138406014233	2	42.453166628207	0.00118336249635477	0.0311156532039206	40.9138406014233	0.00150299055321795	NC
GUT_GENOME143484	GCA_027664105	0.0139407023978827	0.00752564495436577	4837059	4565323	5774847	5689189	286.272434792641	238.27496567268	338.378184917901	0.00146824785105221	0.0319768389793498	40.8762322901383	2	42.5307320906093	0.00115816932321104	0.0312116874502352	40.8762322901383	0.00146824785105221	NC
GUT_GENOME143484	GUT_GENOME001153	0.0126262742762628	0.00641798730002326	4985477	4676544	5774847	6031112	612.179906644041	455.287450036882	761.136627394695	0.000949786042025019	0.0307593398677163	38.5862594906207	2	37.9312074309617	0.00088789049242862	0.0318277981840369	38.5862594906207	0.000949786042025019	NC
GUT_GENOME143484	GUT_GENOME096133	0.0126655845579459	0.00659510739818217	4926184	4639045	5774847	6052596	322.298711208076	269.645330247777	378.060634078532	0.00141562626086422	0.0310493109941886	38.3560425781538	2	39.6457032637937	0.00113718630155432	0.0302153115457863	38.3560425781538	0.00141562626086422	NC
GUT_GENOME143484	GUT_GENOME001215	0.011512979583217	0.0058280156691148	4962486	4665739	5774847	6179886	432.538281460476	350.248558751261	562.738726783764	0.00119327672976671	0.0293893257123827	36.6331719062727	2	36.8110771835414	0.00102192877533783	0.0295156400160783	36.6331719062727	0.00119327672976671	NC
GUT_GENOME143484	GUT_GENOME239778	0.0142359534173778	0.00760084491987085	4819909	4542916	5774847	5700304	284.278803582859	242.527865227449	334.363844108359	0.00148940182286154	0.0326350953977507	40.7829521265992	2	42.8522515044615	0.00115877194575082	0.0316395506295231	40.7829521265992	0.00148940182286154	NC
GUT_GENOME001390	GCA_027670505	0.0137983770102133	0.00730303406019617	5061030	4766649	5784588	5907797	410.709932219436	333.839437409782	534.883532563946	0.00124943411939199	0.0322170008450793	40.346974459419	2	41.0159878263275	0.00104032298594488	0.0321402205568481	40.346974459419	0.00124943411939199	NC
GUT_GENOME001390	GMC_5893AJ_0218_015_A6_final	0.0185833849839709	0.0128069983836442	4795036	4578200	5784588	5849934	88.1391520084029	76.5556363089482	104.564678923593	0.0028275038823229	0.0321804574874419	53.7614753702116	2	46.6855092718133	0.00305600657289863	0.0363154147498492	53.7614753702116	0.0028275038823229	NC
GUT_GENOME001390	GCA_027663725	0.0140744731325942	0.00748034112495976	4917129	4634548	5784588	5943536	332.11444967093	286.408838565692	394.872867202584	0.00141102784426363	0.0328864575526994	40.2579739298948	2	41.8493958748627	0.00111882608087323	0.0320784038731097	40.2579739298948	0.00141102784426363	NC
GUT_GENOME001390	bf_0095_0063_a1_final	0.0121813116006787	0.00581595504343183	4941504	4618502	5784588	6052076	480.36033334808	384.633130801943	588.438712679682	0.00108959563733214	0.0305839787852239	37.7524608843908	2	37.3942436141359	0.000957841647538189	0.0309713057112749	37.7524608843908	0.00108959563733214	NC
GUT_GENOME001390	GCA_027680785	0.0287119581005322	0.0175443617862064	4013798	3703469	5784588	5624952	84.1574608725599	74.2371606166933	98.1075808437191	0.00270068804099832	0.0440489984666048	62.8351414655501	2	57.7606937712598	0.00295563421828896	0.0475343542160614	62.8351414655501	0.00270068804099832	NC
GUT_GENOME001390	OP41wA13	0.0112487669813333	0.00502684580830838	4894492	4560116	5784588	5807607	601.202652968549	464.557006743245	858.102321777218	0.00103159095707479	0.0303070376370565	34.9378876237035	2	34.7763893288104	0.000921594736429955	0.0306057107321536	34.9378876237035	0.00103159095707479	NC
GUT_GENOME001390	GCA_027664105	0.0103974737585465	0.00485517981749866	4984480	4657500	5784588	5689189	594.780251664355	461.649079525129	741.336133430779	0.000985364975211029	0.0278786013026975	34.8345605972672	2	33.8674238243822	0.000911234165212901	0.0289044027392992	34.8345605972672	0.000985364975211029	NC
GUT_GENOME001390	GUT_GENOME001153	0.0136326177001067	0.00732892826920037	5018772	4731524	5784588	6031112	422.431617428215	351.203069987192	518.661638074113	0.00119858259386557	0.0317960224602202	40.424890614427	2	40.8631186663611	0.00102722922423683	0.0318775144116075	40.424890614427	0.00119858259386557	NC
GUT_GENOME001390	GUT_GENOME096133	0.00703692768064072	0.00210701127234486	5327467	4835285	5784588	6052596	1584.98902104983	1243.8139666265	1944.60823170246	0.000533275110480084	0.0260292338894355	25.397370925106	2	28.5851066825619	0.000335493368735088	0.0237787259957694	25.397370925106	0.000533275110480084	NC
GUT_GENOME001390	GUT_GENOME001215	0.0131656974481481	0.00715139144667575	4984772	4706217	5784588	6179886	360.116224123966	295.41565930687	418.003806134406	0.00130506505801439	0.0309450609024612	40.3296915879241	2	40.4857690339798	0.00108573547756327	0.0309217979702134	40.3296915879241	0.00130506505801439	NC
GUT_GENOME001390	GUT_GENOME239778	0.0107018934119113	0.00488796496017728	4939126	4606416	5784588	5700304	582.11160503872	460.020812695243	717.37916412419	0.00101275383435248	0.028645942649918	35.1296734083421	2	34.23312138026	0.000921667641715793	0.0294853038057634	35.1296734083421	0.00101275383435248	NC
GCA_027670505	GMC_5893AJ_0218_015_A6_final	0.0210470306856172	0.0140896839836348	4700378	4448219	5907797	5849934	80.8881188978425	71.6570885705963	92.7394915984731	0.00297182073558903	0.0353473546031081	55.8274683125731	2	49.9920203428061	0.0031146334198545	0.0389780545360329	55.8274683125731	0.00297182073558903	NC
GCA_027670505	GCA_027663725	0.0127338130638461	0.00658020149059857	5039496	4742256	5907797	5943536	539.549203551808	439.755215249806	690.353967314363	0.00106475667270942	0.030737534616407	38.7318770052985	2	38.5924521935874	0.000935957725311592	0.031503778761733	38.7318770052985	0.00106475667270942	NC
GCA_027670505	bf_0095_0063_a1_final	0.0139872819950096	0.00815231220532017	4913821	4656961	5907797	6052076	331.956849258255	276.864355615874	393.193553505699	0.0013055703436289	0.0309798956481141	42.8180112337745	2	42.956298723768	0.00109958965209646	0.0311031176013033	42.8180112337745	0.0013055703436289	NC
GCA_027670505	GCA_027680785	0.0262221934435687	0.0159423216143779	4246975	3942274	5907797	5624952	128.231914150349	102.136971719856	156.931135648729	0.00212979889894275	0.0424367781792731	59.7636451285431	2	57.6736025246994	0.00203577787669719	0.0439614474043669	59.7636451285431	0.00212979889894275	NC
GCA_027670505	OP41wA13	0.0158806305933731	0.00944675511976442	4715178	4479210	5907797	5807607	266.723638741465	226.305606786892	321.500800580561	0.00146574611503278	0.0325590638515302	46.3655880689991	2	47.3076311184176	0.00117763330045703	0.0322512184666108	46.3655880689991	0.00146574611503278	NC
GCA_027670505	GCA_027664105	0.0157544854376387	0.00918608441502168	4792286	4546442	5907797	5689189	284.071468053338	239.256556906435	339.105704296405	0.00147065256809174	0.0331765978102744	44.9518108910585	2	46.3366274640759	0.00116708151835729	0.0326472468412586	44.9518108910585	0.00147065256809174	NC
GCA_027670505	GUT_GENOME001153	0.00646430280738782	0.00147432121079401	5465864	4863255	5907797	6031112	3180.69073106078	2408.02378283702	4092.69821844337	0.00037266895363145	0.0262612763910307	23.5026222803284	2	25.2509172087576	0.000248274173806605	0.0248680650612858	23.5026222803284	0.00037266895363145	NC
GCA_027670505	GUT_GENOME096133	0.0128841744936662	0.00680451088817189	5111154	4819450	5907797	6052596	424.111206768257	355.31759260138	541.785563954025	0.00119376732658133	0.030949008103516	39.3832084384533	2	39.4432757692872	0.00102627156983145	0.0310874309323158	39.3832084384533	0.00119376732658133	NC
GCA_027670505	GUT_GENOME001215	0.0146374215461651	0.00848125598625806	4889659	4634573	5907797	6179886	322.827516742846	271.487645803355	393.911384932523	0.00135514514060859	0.0317325351070943	43.6240442579255	2	44.1800051137816	0.00112301660009539	0.0317096246542224	43.6240442579255	0.00135514514060859	NC
GCA_027670505	GUT_GENOME239778	0.0160111307460465	0.00924346552102428	4773804	4521248	5907797	5700304	282.527441106534	233.772601212506	342.228074563295	0.00147918718407815	0.033642791199906	45.1923998195779	2	46.558695971003	0.0011687379934921	0.0330450350932054	45.1923998195779	0.00147918718407815	NC
GUT_GENOME001792	GUT_GENOME000831	0.00139257898769621	5.44103998389452e-05	6298386	6065017	6518403	6605530	12670.767410358	6133.5262831143	19800.2354585401	3.15195675528935e-05	0.044008159772615	3.22454895230044	2	3.27592914592414	2.96495735616413e-05	0.0416126312210162	3.22454895230044	3.15195675528935e-05	NC
GMC_5893AJ_0218_015_A6_final	GCA_027663725	0.021484754756053	0.0144378457501817	4633937	4385211	5849934	5943536	72.2780573043406	63.6356380748669	84.7226179029825	0.00303037862543938	0.0349805418671251	57.953154675577	2	51.7558817181092	0.00319334272867592	0.0385347075159494	57.953154675577	0.00303037862543938	NC
GMC_5893AJ_0218_015_A6_final	bf_0095_0063_a1_final	0.0189534230120658	0.0129912848075736	4675356	4459913	5849934	6052076	93.8162046660573	75.4233035755286	134.488619394501	0.00279963614287892	0.0328527970562451	53.6808857720071	2	47.0162265079314	0.00301837121976834	0.036908963218306	53.6808857720071	0.00279963614287892	NC
GMC_5893AJ_0218_015_A6_final	GCA_027680785	0.0363809317879114	0.025776643710053	3995802	3713672	5849934	5624952	29.622542856697	26.3739086654689	33.342384758757	0.00373789571481985	0.0445099429571539	80.1211588696779	2	70.8002703446895	0.00459468495499369	0.0494961424278808	80.1211588696779	0.00373789571481985	NC
GMC_5893AJ_0218_015_A6_final	OP41wA13	0.0190224162294887	0.0131304472731514	4735676	4518201	5849934	5807607	83.3049023980653	74.829370373019	92.3282302446793	0.00286995951897679	0.032631066588359	54.4535467090912	2	47.5062041290459	0.00307759158301326	0.0366415224406902	54.4535467090912	0.00286995951897679	NC
GMC_5893AJ_0218_015_A6_final	GCA_027664105	0.0187885386631358	0.0131629923540379	4752046	4540305	5849934	5689189	84.0612199812915	74.3116449945556	92.5265636636898	0.00284395346395579	0.0321504210855919	54.0946898638567	2	47.363768390478	0.00306493921944989	0.0362526282616883	54.0946898638567	0.00284395346395579	NC
GMC_5893AJ_0218_015_A6_final	GUT_GENOME001153	0.0207771338200474	0.0139015166105175	4712007	4465484	5849934	6031112	77.1423030219361	68.4136318322451	86.0691141380775	0.00299355665787188	0.0349106067183795	55.4513387113448	2	49.7877353484324	0.00312523514616057	0.0385790339396672	55.4513387113448	0.00299355665787188	NC
GMC_5893AJ_0218_015_A6_final	GUT_GENOME096133	0.0183932188506135	0.012679214484329	4823843	4606910	5849934	6052596	88.8957078119866	77.0100239757851	101.875062147473	0.00282791988362861	0.0321540694359374	53.019232478913	2	46.2315204544983	0.00303559308961916	0.0362398067243999	53.019232478913	0.00282791988362861	NC
GMC_5893AJ_0218_015_A6_final	GUT_GENOME001215	0.0196341773245114	0.0133244955379186	4770508	4542611	5849934	6179886	84.511227432535	74.7337024520144	97.2491935122236	0.00294234986828583	0.0342215744916688	53.1121783416263	2	47.4389885944314	0.00308418596302289	0.0379666953824386	53.1121783416263	0.00294234986828583	NC
GMC_5893AJ_0218_015_A6_final	GUT_GENOME239778	0.0190507219654359	0.0132095140998769	4748219	4529614	5849934	5700304	84.326391501516	75.174256157065	92.7485144604473	0.00284639889499918	0.0326258548681089	54.7408164082196	2	47.5723042571567	0.00305982562577853	0.0366659408812915	54.7408164082196	0.00284639889499918	NC
GCA_027663725	bf_0095_0063_a1_final	0.0130717605295235	0.00748288394011389	4942104	4688433	5943536	6052076	353.095303215554	298.764513265991	423.117331131984	0.00126135829001108	0.0294050646912738	42.0666369993977	2	41.8117056585445	0.00108336811352267	0.0297561840224922	42.0666369993977	0.00126135829001108	NC
GCA_027663725	GCA_027680785	0.0251642910006043	0.0150924473140756	4241407	3930509	5943536	5624952	122.077949380126	104.812391495276	142.550744865382	0.00220574991734985	0.0412868075443328	58.770246140444	2	56.8494281334748	0.0020743250628485	0.0426894978166431	58.770246140444	0.00220574991734985	NC
GCA_027663725	OP41wA13	0.0157789534732431	0.00897675184646001	4788277	4529478	5943536	5807607	243.164679342986	209.404339865948	272.243268800454	0.00158960026388101	0.0332924185331648	44.6365918869409	2	40.9809184621972	0.00168451043196659	0.0360653579726025	44.6365918869409	0.00158960026388101	NC
GCA_027663725	GCA_027664105	0.015384685433102	0.00866482427123707	4831818	4563624	5943536	5689189	257.69394847159	220.828855061615	298.636133528165	0.00157365689182979	0.0332652335737289	43.4713172268053	2	39.808317290774	0.00166603617855423	0.0360821134393472	43.4713172268053	0.00157365689182979	NC
GCA_027663725	GUT_GENOME001153	0.012797633598983	0.00663833405945239	5072344	4774240	5943536	6031112	528.860575806491	432.497320075953	620.873761526617	0.00103794110437142	0.0308482008647001	39.4396243539473	2	38.7723311117246	0.000937264500338241	0.0315292490972856	39.4396243539473	0.00103794110437142	NC
GCA_027663725	GUT_GENOME096133	0.0133348306397275	0.0072817487125403	4960018	4685001	5943536	6052596	321.756346654817	264.975662278596	386.494029753226	0.0014055971249308	0.0307860422557286	40.3121929171971	2	41.738420277873	0.00113423898935721	0.0303627379411093	40.3121929171971	0.0014055971249308	NC
GCA_027663725	GUT_GENOME001215	0.0138120217812012	0.00715461681882339	5071162	4768110	5943536	6179886	385.573326964901	310.926554563729	489.830641940598	0.00129138047117169	0.0320415697220577	40.5196168525867	2	41.4022977170751	0.00106188047996512	0.0318585018995295	40.5196168525867	0.00129138047117169	NC
GCA_027663725	GUT_GENOME239778	0.0147035909707878	0.00850029330310303	4800596	4548196	5943536	5700304	256.632743073119	218.010548522673	311.262534656413	0.00154426129388576	0.0316259053775122	43.4776536648021	2	39.53621618243	0.00166678727106701	0.0345998923259127	43.4776536648021	0.00154426129388576	NC
bf_0095_0063_a1_final	GCA_027680785	0.0288185430412899	0.0185842334609526	4181752	3878987	6052076	5624952	75.01593992665	67.3141067578595	85.796364908767	0.00260925231840881	0.0420945532441508	66.3802052459249	2	60.1360967267422	0.00298904989049879	0.0459411315045243	66.3802052459249	0.00260925231840881	NC
bf_0095_0063_a1_final	OP41wA13	0.0111772678603456	0.00525048405403601	4806094	4493300	6052076	5807607	482.498982312352	405.625725808833	570.626528478249	0.00107818371421042	0.0294690287724039	35.5658887816361	2	35.1539494084472	0.000959546847670982	0.030016306013285	35.5658887816361	0.00107818371421042	NC
bf_0095_0063_a1_final	GCA_027664105	0.0112278449407515	0.00542203142028013	4882237	4566923	6052076	5689189	478.346183839031	391.267158224423	589.878393225644	0.00105981440663538	0.0291055456170909	36.4276270433469	2	35.7794030278819	0.000951033558759857	0.0296544972893341	36.4276270433469	0.00105981440663538	NC
bf_0095_0063_a1_final	GUT_GENOME001153	0.0136794486417325	0.00800074573304011	5042674	4784554	6052076	6031112	334.126842600265	285.991036938693	390.349688037944	0.00132017931907283	0.0304659582296633	42.3381680989604	2	42.7302028065652	0.00110968345224091	0.0305254524088197	42.3381680989604	0.00132017931907283	NC
bf_0095_0063_a1_final	GUT_GENOME096133	0.0120891003939335	0.00550454362625264	4965051	4636715	6052076	6052596	409.052330981063	340.022532276383	480.946627090386	0.0012540077231671	0.0315191500962701	35.7940310182989	2	36.8804327024768	0.00102899452662499	0.0310210277500456	35.7940310182989	0.0012540077231671	NC
bf_0095_0063_a1_final	GUT_GENOME001215	0.0133001124892947	0.00763499989849554	5095596	4827374	6052076	6179886	349.562458398847	293.937394651024	399.927659738034	0.00125573044112608	0.0304328837685029	41.2088029724292	2	41.3198158852914	0.00107360639561153	0.0306595240618301	41.2088029724292	0.00125573044112608	NC
bf_0095_0063_a1_final	GUT_GENOME239778	0.0116640392222105	0.00541565314713011	4850721	4524662	6052076	5700304	479.695281420945	394.525045798898	577.230819836851	0.0010903939871924	0.0305975632689221	35.7919093265263	2	35.8117860530331	0.000956055252168445	0.0308348311497445	35.7919093265263	0.0010903939871924	NC
GCA_027680785	OP41wA13	0.0297614534930366	0.0181902305489859	4075809	3754213	5624952	5807607	82.1805057878831	71.1321704981376	105.204233860466	0.00256469781220145	0.0441396651519235	65.3470144165873	2	59.7192569142801	0.00291184354819051	0.0478692302072014	65.3470144165873	0.00256469781220145	NC
GCA_027680785	GCA_027664105	0.0294997973581194	0.0181501130888386	4073689	3756781	5624952	5689189	81.6162246879256	70.7196157959984	97.0888146099436	0.00265175401534421	0.0442306891620781	64.5245944518035	2	59.0534651034313	0.00295709531376475	0.0478903087741225	64.5245944518035	0.00265175401534421	NC
GCA_027680785	GUT_GENOME001153	0.0272493009354724	0.0168832124970916	4203117	3898251	5624952	6031112	113.08627804579	96.9154031737446	136.23762447881	0.00220301582228379	0.0426232168801171	61.6471489719658	2	59.7437056779782	0.00209671031241698	0.0442033209411377	61.6471489719658	0.00220301582228379	NC
GCA_027680785	GUT_GENOME096133	0.0303518253273834	0.0185681290610414	4108715	3774586	5624952	6052596	74.3302230172776	63.7423356619283	85.7994789008051	0.0027359790369974	0.0446174933100815	65.9591021520465	2	60.6395150688933	0.00300813309830831	0.0480981935187863	65.9591021520465	0.0027359790369974	NC
GCA_027680785	GUT_GENOME001215	0.0285502640000897	0.0175775401829368	4192991	3870735	5624952	6179886	85.4097149067819	73.8023929459933	96.9180004642552	0.00264203024181535	0.043505480708988	63.3864777359309	2	57.8666762085376	0.00293627742392058	0.0472046153876592	63.3864777359309	0.00264203024181535	NC
GCA_027680785	GUT_GENOME239778	0.0299823784970936	0.0183302520008609	4066055	3740265	5624952	5700304	81.0866963319151	71.8264913275868	94.1076063276228	0.00264533549391468	0.0446664404360893	65.0195365903421	2	59.4676703196684	0.00295162954421303	0.048397838406352	65.0195365903421	0.00264533549391468	NC
OP41wA13	GCA_027664105	0.00308315997226223	0.000313286123285844	5342895	4835835	5807607	5689189	2424.51294220101	1542.09408973415	3204.44096141645	0.000187069624758872	0.0311883622978222	9.38069117056564	2	9.84378363706137	0.000153526712485223	0.0298958697713534	9.38069117056564	0.000187069624758872	NC
OP41wA13	GUT_GENOME001153	0.0156120194923618	0.00902161265752084	4765559	4518926	5807607	6031112	306.310559563181	253.352586657918	376.338944711443	0.00138109697668636	0.0332612199024756	44.5885321332434	2	45.3726926426915	0.00113458583064403	0.0330309320407125	44.5885321332434	0.00138109697668636	NC
OP41wA13	GUT_GENOME096133	0.0106727278787715	0.00476655714989964	5040136	4693954	5807607	6052596	599.209709013064	465.955511096925	811.318636050458	0.000990926753422225	0.0289976608441039	34.6342521913904	2	33.9160977933005	0.000904867721690141	0.029699946380084	34.6342521913904	0.000990926753422225	NC
OP41wA13	GUT_GENOME001215	0.0131106275544615	0.0069131608945446	4926919	4646789	5807607	6179886	384.791523049507	312.977452775798	463.791111080236	0.00124783595907682	0.0312943347087771	39.5626200910014	2	39.6782379212343	0.00105648757340703	0.0314315964197725	39.5626200910014	0.00124783595907682	NC
OP41wA13	GUT_GENOME239778	0.00351391849994372	0.000330438056623949	5303481	4796663	5807607	5700304	2442.69161951462	1572.64216678958	3376.77289048239	0.000191159248069035	0.0345595175618386	9.61878631282509	2	10.3139055737334	0.000154342729174788	0.0326777164494005	9.61878631282509	0.000191159248069035	NC
GCA_027664105	GUT_GENOME001153	0.0151234492249188	0.00871518983077151	4854911	4600703	5689189	6031112	330.351565550971	260.339862824721	417.431491369478	0.00136127219878162	0.0329338686938972	43.7510589963174	2	44.5642768850433	0.00111555828084075	0.0325422239519579	43.7510589963174	0.00136127219878162	NC
GCA_027664105	GUT_GENOME096133	0.0103769642260114	0.0049051899531936	5024880	4698289	5689189	6052596	599.440018806874	462.564866479202	783.315668940783	0.000960097605286289	0.0279523567272602	34.749058414003	2	34.0160630579524	0.000899577677224857	0.0287284832847223	34.749058414003	0.000960097605286289	NC
GCA_027664105	GUT_GENOME001215	0.0135013078572288	0.0072049164786634	4917968	4636001	5689189	6179886	390.553229117811	331.58417605122	472.441193605427	0.00122861209636867	0.0314925780474686	40.6374841046581	2	40.5822596882277	0.00105514101862005	0.0317092625104321	40.6374841046581	0.00122861209636867	NC
GCA_027664105	GUT_GENOME239778	0.000528657411978721	5.62455513851193e-05	5549908	5511547	5689189	5700304	2464.0492172579	437.618827907414	6156.0057417299	2.00000000000001e-08	0.00370814632670541	0.0999999999999943	2	2.78068120382051	0	0.0189122325360658	0.0999999999999943	2.00000000000001e-08	NC
GUT_GENOME001153	GUT_GENOME096133	0.0135592576315171	0.00692134319271187	5158247	4843713	6031112	6052596	424.323731214538	346.441706461751	541.46868693054	0.00124723403026733	0.0324527290904326	39.0363009537368	2	40.0519651755764	0.00103642009250586	0.0322992237604696	39.0363009537368	0.00124723403026733	NC
GUT_GENOME001153	GUT_GENOME001215	0.0135323480569612	0.00815805193486819	5103475	4856429	6031112	6179886	310.512959802495	259.686795372926	371.413786874743	0.00135523586361104	0.029396439587841	43.2414413416967	2	43.4861000872113	0.00113928528080743	0.0296322416298044	43.2414413416967	0.00135523586361104	NC
GUT_GENOME001153	GUT_GENOME239778	0.0153247158921878	0.00872423229901368	4840416	4577824	6031112	5700304	330.364882973977	272.441355756715	390.206446152328	0.00137662228193983	0.0331952572257445	43.6173129298005	2	44.6792023969418	0.00111861051452061	0.0329066646589936	43.6173129298005	0.00137662228193983	NC
GUT_GENOME096133	GUT_GENOME001215	0.0124486538641079	0.00655385216315606	5152043	4859127	6052596	6179886	364.156896113642	284.488533114889	448.937256622965	0.00129993636987949	0.0307087092072259	38.4183163953232	2	39.0304983401603	0.00108940966694273	0.0301916670445131	38.4183163953232	0.00129993636987949	NC
GUT_GENOME096133	GUT_GENOME239778	0.0105779208360766	0.00495609092334918	5009302	4679898	6052596	5700304	601.300758115401	473.431508634698	800.529564477868	0.000975315563695326	0.0283978033774793	35.1211349386941	2	34.2524558741315	0.000902122748944812	0.0291387863875261	35.1211349386941	0.000975315563695326	NC
GUT_GENOME001215	GUT_GENOME239778	0.0137048473187686	0.00712034224504261	4898048	4609329	6179886	5700304	389.225472485758	326.062481878072	470.734847009132	0.00126597586829884	0.0325070145929109	39.8059443243989	2	40.5290886442997	0.0010565351005203	0.0322619359477299	39.8059443243989	0.00126597586829884	NC
GUT_GENOME001255	GCA_027682365	0.00702483985485809	0.00322210969136763	5300192	4984312	6486514	6259603	152.149381416448	126.714539862438	183.054181965474	0.00160511975957138	0.0255298101405352	22.9082808458793	2	26.3490116525923	0.00124213735763959	0.0231721515983294	22.9082808458793	0.00160511975957138	NC
