Strain 1	Strain 2	Initial divergence raw	Initial divergence	Alignment size raw	Alignment size	Genome 1 size	Genome 2 size	Observed SSD	SSD 95 CI low	SSD 95 CI high	mu_div	mnb_div	sim_fr	nb_size	hmm_fr	hmm_mu	hmm_mnb
GCA_027684105	GUT_GENOME001569	0.013081076192560125	0.010045289016570147	5219066	5098808	6177596	6376662	52.34669045508041	44.41522224556461	60.267721034650364	0.002632178874324318	0.018170334726199076	67.30471621744128	2.0	54.316184854785696	0.002691612307821437	0.021804802301373594
GCA_027684105	GUT_GENOME000947	0.04901162105688379	0.03959800358678496	4158830	3906005	6177596	6026957	3.9130082905494277	3.6339298284358446	4.295384027004761	0.027076270196989917	0.055291701048148345	77.7634439578583	2.0	57.13821881238125	0.02682860589736873	0.06565439791604415
GCA_027684105	GUT_GENOME239749	0.04879229339382214	0.03886992054324407	4268338	3994374	6177596	6089810	4.194024228707063	3.521775831229964	5.785245121698518	0.027487367112575694	0.05493464224192775	77.55915102913428	2.0	54.01298214369405	0.027722846441944404	0.0667229590171611
GCA_027684105	GCA_027680565	0.018232738450824126	0.012888034753960692	4836081	4644075	6177596	6273636	29.227005310748755	25.920585100250893	32.89147867672114	0.005697967824884298	0.02818855333266524	55.63546646477761	2.0	48.59621728384849	0.0049850530085096935	0.03224121763510032
GCA_027684105	GMC_3401SE_0218_027_E1_final	0.04601610738065329	0.03702646320957459	4245383	4003596	6177596	5776522	5.391636612450108	4.519213772126901	6.8910250369408885	0.024857894531266852	0.05135972531241702	79.81832918422026	2.0	56.178067829754156	0.02484376344085773	0.06252713522184446
GCA_027684105	GUT_GENOME140069	0.048155278158326195	0.0386652122396983	4258474	3997909	6177596	5883199	5.533476564922513	3.756488670698243	14.688021588147064	0.026992066210156502	0.054009568883521326	78.32142827111846	2.0	56.80614437880941	0.026789450788469477	0.06440167149548484
GCA_027684105	GUT_GENOME001402	0.0570492337234081	0.04745456268842319	3757912	3534265	6177596	5652331	2.517130890703351	2.312890392760541	2.824705717875214	0.03490691078210626	0.06671806655638589	69.57122415080981	2.007306337348666	52.44210806494544	0.034641276059885054	0.0773618052912063
GCA_027684105	GUT_GENOME143484	0.04822553951340775	0.039066479268073176	4164308	3916785	6177596	5774847	3.8461936156041694	3.471685716467481	4.198278842053659	0.02737278173435936	0.05434599560359363	77.42915623164293	2.0	53.67247922371139	0.027667876399830923	0.06597110758429378
GCA_027684105	GUT_GENOME001390	0.047448992120956816	0.038298747640459305	4235032	3986475	6177596	5784588	4.47164250274079	3.724253194638203	7.624257292951105	0.026711839701890585	0.0532925398559568	77.91760540365937	2.0	53.395054438959875	0.025898596260069955	0.06622513489136252
GCA_027684105	GCA_027693325	0.012634777423094453	0.009911272010944256	5208402	5100758	6177596	6446767	54.32299214291249	46.32040988581678	62.20742973456573	0.00235110090535306	0.01726079088085452	68.97894571168376	2.0	53.51224195871339	0.0026498543899870046	0.021303283305152597
GCA_027684105	GCA_027670505	0.05015169093368973	0.03977496519268448	4253715	3968275	6177596	5907797	3.927859240029329	3.637011417424232	4.232163062548119	0.02742796181488192	0.0568573390630883	77.140315422212	2.0	54.60402558314522	0.027745467730236242	0.06877974811297485
GCA_027684105	GUT_GENOME001792	0.024468226982072183	0.02003058933997553	4986385	4826518	6177596	6518403	8.614558385391147	7.859355256270305	9.615629040083194	0.013685065754972374	0.029446352549670464	68.30057859161073	2.0	48.914340731528746	0.013022871390143732	0.036418163554845534
GCA_027684105	GMC_5893AJ_0218_015_A6_final	0.04664042759892197	0.03752933116167713	4229571	3984670	6177596	5849934	4.660949867936826	4.1594128459540585	5.1266654745169244	0.02479315279610365	0.052578824833724475	78.66064204082926	2.0	56.041526255424316	0.024865373752586822	0.06371411024748157
GCA_027684105	GCA_027663725	0.04977794836815592	0.039803481105711296	4184162	3914331	6177596	5943536	4.13385973246552	3.693884044625658	4.71220092068345	0.028131134603390777	0.05594225329112237	77.73704360595666	2.0	54.65128787426045	0.02780654173584971	0.06798089214635072
GCA_027684105	bf_0095_0063_a1_final	0.04749034767468119	0.03828440247793646	4189146	3941344	6177596	6052076	4.11630351112511	3.801348137470875	4.4673368333081225	0.026214144768212842	0.05366808310186825	77.55540907806382	2.0	53.19827133374719	0.02584480779532	0.06652926568206179
GCA_027684105	GCA_027680785	0.057649535287088466	0.04815834496070687	3692172	3473126	6177596	5624952	2.407951958810475	2.2000552621990654	2.6097381067479173	0.034802193906906156	0.06751312462264274	69.88616607190076	2.1045815786987867	50.23501523874027	0.03394365660469711	0.08113431471181407
GCA_027684105	OP41wA13	0.047423542800880056	0.03803617716624456	4078818	3834297	6177596	5807607	4.846209280950798	3.8821999472746302	7.982650515419519	0.02701737109498704	0.05304567855039495	78.3179181843863	2.0	56.58672355869443	0.026775213940743676	0.06325726503455496
GCA_027684105	GCA_027664105	0.04772427096329463	0.038529153162205905	4128633	3885136	6177596	5689189	4.44041335699821	3.6769553115901585	7.546706657002311	0.027135686994788612	0.05351056691431341	78.29319985513555	2.0	56.665939869661074	0.026771901380888738	0.0637476764416344
GCA_027684105	GUT_GENOME001153	0.048593885327334184	0.03900136894034277	4245493	3983373	6177596	6031112	4.26980017805722	3.567465417597647	6.051265188706913	0.027688576965452436	0.05458733958669903	77.80856365066428	2.0	53.98098738382161	0.02770833973275652	0.06639520435156444
GCA_027684105	GUT_GENOME096133	0.047932531268479	0.03847823950882201	4290343	4030148	6177596	6052596	4.550809224614098	3.83937839239705	6.046397977745933	0.02631432641105624	0.05415936122146719	77.66150962843675	2.0	53.48533594442113	0.025868985565354972	0.06711357530150401
GCA_027684105	GUT_GENOME000831	0.024408082157664428	0.019904741415447815	4942789	4782981	6177596	6605530	8.524572282440495	7.56201250139868	9.645712692842768	0.013776124104303122	0.029665792871338317	66.68970364049122	2.0	43.609174701781726	0.013817385843720886	0.03809245359994243
GCA_027684105	GUT_GENOME001215	0.047648519488499484	0.03817655779397968	4270416	4012148	6177596	6179886	5.48542409437713	3.783233131122065	14.83168707902995	0.027086589281696914	0.05305925202557568	79.14380000476407	2.0	56.93758051294062	0.026819885235645217	0.0634030205755784
GCA_027684105	GUT_GENOME239778	0.04787370434902768	0.0386472493114358	4110482	3867468	6177596	5700304	4.276516003154164	3.6989833051604224	5.665527242617346	0.02709184302899425	0.05366231891857004	78.17133567671902	2.0	56.68017179496538	0.026767251790476704	0.06400695972102315
GCA_027684105	GUT_GENOME001255	0.04166804365674132	0.03590036581026581	4629663	4454495	6177596	6486514	3.8514630531908245	3.486394505739724	4.242043528884767	0.0258829658708927	0.047353951266656695	73.53318413464592	2.0	47.76991628409398	0.025614990072797158	0.05921954577277252
GCA_027684105	GCA_027682365	0.0411946904406206	0.03501880872203277	4547722	4357287	6177596	6259603	3.78749166167902	3.4859668638176813	4.164155369639334	0.02598346658182899	0.04655544450185079	73.96486611264436	2.0	47.55762294360869	0.025620918870177856	0.05836888807736469
GUT_GENOME001569	GUT_GENOME000947	0.04829090292310267	0.03888773782740276	4362830	4097667	6376662	6026957	4.299474759619512	3.9478110347746864	4.617252855811255	0.026947669510369317	0.05401380356801533	79.03642030855652	2.0	57.440564891446385	0.026811355311352952	0.06420462604910054
GUT_GENOME001569	GUT_GENOME239749	0.04828492232159394	0.03833332494613622	4459798	4173027	6376662	6089810	6.001356256143925	4.301916444968565	13.16535691883189	0.027072040050372878	0.05320310230100603	81.15476440506893	2.0	58.18428518564204	0.02681903995709056	0.06371042969709298
GUT_GENOME001569	GCA_027680565	0.017746126653665463	0.012385610197400814	4858525	4671308	6376662	6273636	34.65300550680751	30.889367787974745	39.06697103784973	0.0051480114185120185	0.027796996431242046	54.80324065417884	2.0	46.35622529644269	0.00483974211374636	0.032676113077785646
GUT_GENOME001569	GMC_3401SE_0218_027_E1_final	0.04572672062229676	0.03682479724475058	4290686	4050450	6376662	5776522	4.795196910834277	4.374786606969874	5.2339543573933165	0.024677119372654502	0.05120764925624329	79.3164851154408	2.0	55.77830875925171	0.02484897206114676	0.06225787258462209
GUT_GENOME001569	GUT_GENOME140069	0.048592868277554616	0.038815201001814514	4387187	4108545	6376662	5883199	4.320832473535478	3.9395673508746594	4.757564950908155	0.026692211491289777	0.05459285734768746	78.44166551131693	2.0	54.34368766030207	0.02595371017676858	0.06761049891366382
GUT_GENOME001569	GUT_GENOME001402	0.057635429447971544	0.04764030250711495	3873659	3633898	6376662	5652331	2.666723170863145	2.4305805074644256	2.951905565771565	0.034408611919890454	0.0673902413525359	70.29241664126941	2.0	50.40346007359112	0.03379367434595789	0.08106180412412657
GUT_GENOME001569	GUT_GENOME143484	0.04815666375230106	0.03880439967726801	4337136	4075208	6376662	5774847	4.228076987069824	3.775165660315457	4.636179286048179	0.026811427899124204	0.05395626584624257	78.55030782918396	2.0	54.091139707578066	0.025935047973073073	0.06700827815727883
GUT_GENOME001569	GUT_GENOME001390	0.04693137409161099	0.0381175343566851	4372576	4125398	6376662	5784588	4.260606631453822	3.8910197530134787	4.62239318861359	0.027005317284789703	0.052282335632455317	78.7947810119118	2.0	56.66281609918452	0.026835554617188777	0.062294583249478966
GUT_GENOME001569	GCA_027693325	0.009548627255433761	0.006866334456588309	5699458	5559735	6376662	6446767	440.88308771602823	328.1409161561101	634.8968735237158	0.0005812274643054338	0.015837708188641008	58.58109638247083	2.0	55.07716875345483	0.0004908298990214057	0.016928001651769706
GUT_GENOME001569	GCA_027670505	0.04957917131008193	0.03938039378690262	4398702	4109126	6376662	5907797	4.39182829485154	4.019486376826643	4.817920215458837	0.027269528492580547	0.05553036902263319	78.94906300298373	2.0	55.178725726499614	0.02775207366257991	0.06730591145811299
GUT_GENOME001569	GUT_GENOME001792	0.02539796947586257	0.020089163263161024	4964137	4775958	6376662	6518403	9.011803702976549	8.249122281692694	9.93235879128577	0.01331705658032021	0.03149055826928587	66.37928781594886	2.0	49.78038362346873	0.012971795386153524	0.03793440787104246
GUT_GENOME001569	GMC_5893AJ_0218_015_A6_final	0.045769522642593305	0.03684759156755663	4294539	4053155	6376662	5849934	4.794968725867918	4.307396091602602	5.217024653690638	0.02484509940367846	0.05120490961811009	79.30708747765874	2.0	55.88201043413452	0.02485590603140848	0.06223092084346935
GUT_GENOME001569	GCA_027663725	0.05005904473841269	0.04069230130535167	4314525	4058753	6376662	5943536	4.2692224265158	3.85637235494258	4.63378973906688	0.0284064701677261	0.05602929328276347	78.35123264516973	2.0	55.2763353115727	0.027920588845113965	0.06797449892554994
GUT_GENOME001569	bf_0095_0063_a1_final	0.04760096406789887	0.038245189430710515	4481842	4211144	6376662	6052076	4.868602101787103	4.348414292302895	5.741077347151919	0.026111742927129988	0.0527158875313634	80.82098792030654	2.0	54.580553013903454	0.025861094732702577	0.06570547932080448
GUT_GENOME001569	GCA_027680785	0.05833320009027326	0.048236350313519076	3815083	3575540	6376662	5624952	2.671841461124403	2.407223616216525	2.9051063581366217	0.03472016069769024	0.06811020596958306	70.69605402917644	2.0	50.977281963215916	0.033873729810674165	0.08184573689746531
GUT_GENOME001569	OP41wA13	0.048160185125543306	0.038637794832149824	4160636	3906460	6376662	5807607	3.9781650687494423	3.661404524630684	4.279857606230682	0.027081069289328744	0.05433413161738072	77.3434068933454	2.0	56.57739740846696	0.026835321799305478	0.06452385970040692
GUT_GENOME001569	GCA_027664105	0.04780418147173261	0.038420877017368245	4240947	3986010	6376662	5689189	3.9393996150922628	3.585565997952093	4.3378393313802865	0.027429005820494564	0.05370857855469879	77.39144881704061	2.0	53.65919811320755	0.027691325037531772	0.0651657662365129
GUT_GENOME001569	GUT_GENOME001153	0.049165033818684624	0.0394590319404189	4404370	4128155	6376662	6031112	4.113401507022208	3.699816385264697	4.522140511391809	0.027827874484184684	0.055144011487953754	78.04741620433902	2.0	54.469790732266745	0.02779350591051638	0.06702727449115345
GUT_GENOME001569	GUT_GENOME096133	0.04819786700909674	0.03848394212652457	4399925	4127072	6376662	6052596	4.324773237749863	3.979235731751497	4.702439821909015	0.02611132868883873	0.0547166080297698	77.15998524078952	2.0	53.48147306205956	0.025862975541816706	0.06762536066218525
GUT_GENOME001569	GUT_GENOME000831	0.025000963478024555	0.019774048029911732	5033846	4845189	6376662	6605530	10.581619025362103	8.753940582319354	20.836487179185642	0.013076292387064852	0.030393414200191867	68.92916960478885	2.0	49.91058832879652	0.012947618953167388	0.037095336452920534
GUT_GENOME001569	GUT_GENOME001215	0.047612187274753824	0.03842144538504133	4428488	4166267	6376662	6179886	4.470245386333743	3.9915441354772034	5.588522316326415	0.02650092083485226	0.05297789156963973	79.77341029682464	2.0	54.19588711589931	0.025902859960550768	0.06595794595624917
GUT_GENOME001569	GUT_GENOME239778	0.04798520668335513	0.03857772443146976	4233263	3979032	6376662	5700304	3.9533845120725175	3.6633248734455495	4.3294044873186115	0.02726258063725001	0.05402116444632042	77.55500035532964	2.0	53.751461953760916	0.02767993256360189	0.06545369499583988
GUT_GENOME001569	GUT_GENOME001255	0.040325362164352854	0.03408517967449863	4737490	4537984	6376662	6486514	6.179781194813573	4.2304715597091676	11.781759886321552	0.025823115425430466	0.04398632764209975	79.83137906659925	2.0	55.82649818961058	0.02559695072408066	0.051977421308984285
GUT_GENOME001569	GCA_027682365	0.04109581079364806	0.03465028464719029	4645510	4443571	6376662	6259603	4.5585210358503945	3.890318412115196	5.223737379977419	0.025496629905841756	0.0458247003169143	76.73121049759101	2.0	51.77948585454075	0.024758422074874956	0.05630613085999867
GUT_GENOME000947	GUT_GENOME239749	0.01295467914255619	0.0069754259990052235	5043969	4752828	6026957	6089810	596.8584084531066	499.374062874251	745.8400059800989	0.0009201419842844846	0.03051609534153898	40.608444783761676	2.0	39.330365552592184	0.0008811609360701574	0.03158125744873727
GUT_GENOME000947	GCA_027680565	0.04800945342641087	0.038546924059489514	4274429	4016170	6026957	6273636	5.19965058562393	4.6358892691901055	5.795443135505461	0.02782930567655849	0.052375861364356284	82.17244889793419	2.0	55.536445536445534	0.027771912743727572	0.06420753218144012
GUT_GENOME000947	GMC_3401SE_0218_027_E1_final	0.021725640572631592	0.01416264552073292	4596044	4335207	6026957	5776522	76.98222095059697	69.42426493243711	88.77940909585578	0.003167928939287053	0.036997965011351455	54.691200403693344	2.0	50.1479837217906	0.0031824948161083035	0.04016310647764161
GUT_GENOME000947	GUT_GENOME140069	0.008632077529264242	0.002937532535464834	5249837	4777479	6026957	5883199	1468.32870046603	1113.2885826937097	1884.3496766937299	0.0005919617270684418	0.02748681878374581	29.82187275679358	2.0	33.41462020613843	0.0003532188841201315	0.02511936962404347
GUT_GENOME000947	GUT_GENOME001402	0.028008756944302517	0.017806787349291243	4158985	3863246	6026957	5652331	97.82086445346523	85.02720987051251	114.25414997371215	0.0023671170402018065	0.04320740694530511	62.9313283799767	2.0	61.24866223349888	0.0021709178923851667	0.04435514202176052
GUT_GENOME000947	GUT_GENOME143484	0.0016818268389912267	0.0001320559059174152	5450026	5035746	6026957	5774847	2560.8573116014627	1281.9336642207247	4703.88552819816	0.00010138257341201116	0.027678913488077588	5.717950966413838	2.0	5.848672257804041	8.675736784655818e-05	0.02733738894105272
GUT_GENOME000947	GUT_GENOME001390	0.015089508881965039	0.008357425629610813	4933030	4645330	6026957	5784588	333.24610776097506	273.12217952872413	414.26588933385847	0.0013962674166177974	0.03441329339865144	41.89279029425417	2.0	43.14896291640478	0.001117280978619576	0.03349573972255686
GUT_GENOME000947	GCA_027693325	0.047212268263878414	0.03806883846392541	4348912	4092770	6026957	6446767	5.625620043992283	4.621400132860697	7.094394690552813	0.02773283912289298	0.05135868657629732	82.38137810117601	2.0	55.142594296228154	0.02776020303527204	0.06302624206236923
GUT_GENOME000947	GCA_027670505	0.013698290281089381	0.007466106500112626	4917475	4634812	6026957	5907797	544.6558294505982	450.33390456839845	658.3261265023215	0.0009890083191038464	0.031475633865739705	41.62710292415933	2.0	40.47960460078714	0.0009174910724965361	0.032482918682493166
GUT_GENOME000947	GUT_GENOME001792	0.050919648449471375	0.04128067658083328	4251679	3997512	6026957	6518403	3.987267029243643	3.5726995761911575	4.480483422370567	0.02818317652440206	0.05843467800536509	75.1094498906007	2.0	54.204552137858016	0.02780042637351062	0.07044634127591105
GUT_GENOME000947	GMC_5893AJ_0218_015_A6_final	0.02150435036445467	0.014156756061500842	4590420	4338282	6026957	5849934	77.05840153889856	67.3527698402334	86.82191361682817	0.003150383409530228	0.03661692524147488	54.88751555928572	2.0	49.97058503104913	0.003177169983885744	0.03984172977976388
GUT_GENOME000947	GCA_027663725	0.01120402733549668	0.005414154490202485	5115839	4783203	6026957	5943536	695.0984365360964	575.0244287187362	893.9478961202274	0.000871960581593357	0.02868995346276544	37.32597136362855	2.0	35.85016324854836	0.0008410032914788042	0.029747991201216014
GUT_GENOME000947	bf_0095_0063_a1_final	0.014199377553353636	0.007699949903227905	5025009	4734836	6026957	6052076	349.3630338179046	293.43645494989795	416.65926190535924	0.0012706400372769378	0.032485754146936406	41.483746499506886	2.0	41.96074918890946	0.0010637699549033582	0.032363694329335224
GUT_GENOME000947	GCA_027680785	0.027309703100491956	0.017262672942555898	4149148	3854965	6026957	5624952	101.06136722328955	87.75659348344453	123.50404931845058	0.002358217882440814	0.04229955541124684	62.47283672676601	2.0	60.7854008967745	0.0021771070264954466	0.04352484516370621
GUT_GENOME000947	OP41wA13	0.015413896184885667	0.008021617799058318	4784968	4491114	6026957	5807607	269.75039148802335	235.4261534751421	312.14612787447106	0.0015780860576949558	0.034937769605373335	41.183329321337254	2.0	38.1632717049362	0.001623567589493913	0.037739326251387935
GUT_GENOME000947	GCA_027664105	0.01523309193224865	0.008066486502448185	4862309	4571755	6026957	5689189	284.40380069620164	240.5962941557022	340.79982888474143	0.0015133946494728986	0.03462336448665122	41.43836216657672	2.0	38.18035956720286	0.0015978105347219341	0.03727329596279221
GUT_GENOME000947	GUT_GENOME001153	0.013877191314546119	0.007246745460378137	5069902	4756894	6026957	6031112	566.0094276021775	410.91446075181767	692.9232036410978	0.0010002753136200762	0.03267252540520365	40.76959978433122	2.0	40.09765239692247	0.0009110639068650092	0.03324266840046465
GUT_GENOME000947	GUT_GENOME096133	0.015007410879231582	0.007880167326824065	4928565	4625917	6026957	6052596	306.9300574054618	249.41765396108093	388.90996565738993	0.0015209610094338549	0.03500599416652852	40.21738184858757	2.0	37.18405325053524	0.001588673332579451	0.03764866004792935
GUT_GENOME000947	GUT_GENOME000831	0.049273794747201165	0.03939372761465661	4291693	4020767	6026957	6605530	4.241792387979589	3.549623337250926	6.068529329479502	0.028435210524395408	0.055935278941576	75.85531017638607	2.0	53.59552525782206	0.027822459946760456	0.06782465695896361
GUT_GENOME000947	GUT_GENOME001215	0.013064175294229019	0.006428565464959006	5112684	4790960	6026957	6179886	435.50298853196665	357.0657840070664	513.1610656338551	0.0012001773745834669	0.03238864157210233	37.940951917297106	2.0	38.452584731256415	0.0010115855887355557	0.03234844131800634
GUT_GENOME000947	GUT_GENOME239778	0.015163345708698978	0.008117064477084282	4825716	4538217	6026957	5700304	279.51949226579626	239.56302402641225	328.95752716736956	0.0015206772013237138	0.03399761595192559	41.82337671200947	2.0	38.33526778312054	0.0016126983059961937	0.03691481166679871
GUT_GENOME000947	GUT_GENOME001255	0.05774688082737031	0.049371898099633924	4106698	3891566	6026957	6486514	2.382542522082201	2.1671505141481724	2.679384883662211	0.03511428260546938	0.06589413557957367	73.52579269991413	2.231312764973045	54.28849783839736	0.034785485933503515	0.07707490565015462
GUT_GENOME000947	GCA_027682365	0.0565859159617169	0.04853867166761756	4038231	3835004	6026957	6259603	2.4169013881434216	2.1394844247803344	3.0598771871114665	0.03528715012144894	0.06439469249311551	73.19919800654239	2.2121287380849672	53.589032274044534	0.03478553702468301	0.07546685455971978
GUT_GENOME239749	GCA_027680565	0.04775095840072924	0.03826824903854393	4285003	4026445	6089810	6273636	5.199852317082489	4.5458022875477715	6.058059646352134	0.027947373183395068	0.052454600742673774	80.8060681156189	2.0	54.821316029037604	0.027730870576075366	0.06425252453599435
GUT_GENOME239749	GMC_3401SE_0218_027_E1_final	0.020393252858455897	0.013600058271644318	4731663	4489319	6089810	5776522	85.28998119080957	77.19453146978239	99.63103022141149	0.0028778206366983795	0.034681292867982605	55.06689527624858	2.0	48.9055646567669	0.003064435388784315	0.0384926636024846
GUT_GENOME239749	GUT_GENOME140069	0.012313386138567826	0.006544152615028164	5161862	4861592	6089810	5883199	572.6698378249208	465.28388234918066	723.2362526569337	0.0009599993151598353	0.028925411406934626	39.579346698821126	2.0	39.00250922795222	0.0008973173869539072	0.03016854297592615
GUT_GENOME239749	GUT_GENOME001402	0.02668382870739626	0.016367346991198295	4197636	3892995	6089810	5652331	122.02551554050764	99.57769467304408	146.47866706248482	0.0021151834056471145	0.042385868438543764	60.99438787999162	2.0	58.618676579217	0.0020450292229293007	0.04403954324432542
GUT_GENOME239749	GUT_GENOME143484	0.011994557286878808	0.00630707939827795	4993098	4700908	6089810	5774847	637.0953564410651	515.820816164711	808.8798893398607	0.0009037808248818498	0.029436533056743975	38.86304915272971	2.0	37.3917049768136	0.0008692049272117296	0.030608818522424232
GUT_GENOME239749	GUT_GENOME001390	0.01329068789565635	0.007110806423612211	5021561	4734906	6089810	5784588	414.5917077556531	341.77775652468034	517.1802551490298	0.0012149490650053018	0.03125135365299058	40.091589874009145	2.0	40.44496230567755	0.001029581445126454	0.031348161292688054
GUT_GENOME239749	GCA_027693325	0.04787817026371896	0.03823046631984312	4418757	4143894	6089810	6446767	5.459109196676497	4.504704478924769	7.658584554520949	0.02791357081777332	0.05242760734809348	81.49430176331369	2.0	55.101463381509106	0.027738642742868923	0.06429519779812932
GUT_GENOME239749	GCA_027670505	0.005148653322326651	0.001005169092230572	5545722	4914596	6089810	5907797	4273.359382834067	3185.108034327847	5401.061696665907	0.0002735975117373997	0.02422987864378953	19.94768924203744	2.0	20.977312076179484	0.00020487715814819678	0.023758040780723
GUT_GENOME239749	GUT_GENOME001792	0.05101768809282411	0.04121197021152869	4351628	4085876	6089810	6518403	3.984897718416079	3.5334546091268106	4.399044941101849	0.028150267306917404	0.05873533232036261	74.75636757592491	2.0	54.10393729744639	0.027833433493587013	0.07068281234108659
GUT_GENOME239749	GMC_5893AJ_0218_015_A6_final	0.020316137738575435	0.013679268363202868	4732937	4496220	6089810	5849934	84.26811884879794	71.71638057269166	98.69400320324777	0.002883309995578125	0.034408406832074453	55.30454532918418	2.0	48.93596787827557	0.0030761272166697656	0.038301236735009674
GUT_GENOME239749	GCA_027663725	0.012592894913588662	0.0064963844696263205	5047370	4744947	6089810	5943536	577.8260555270159	441.78900470169094	735.54539292933	0.0009620718850419214	0.03001813612751941	40.34980522844941	2.0	38.496368734456894	0.0009026822392268352	0.03126881699141589
GUT_GENOME239749	bf_0095_0063_a1_final	0.014340984282929918	0.008290039320294837	5031663	4765478	6089810	6052076	338.310865980534	289.938115013503	399.8867233165474	0.0012884184675775654	0.03160339166816802	43.24045636840467	2.0	43.52830094916265	0.0010793924567487293	0.031544006083848185
GUT_GENOME239749	GCA_027680785	0.026687917204207223	0.0164754624638085	4181855	3879709	6089810	5624952	115.06385000377642	94.55178741448023	134.30401997277906	0.0022048371396790035	0.0423256851544334	61.082642267928726	2.0	59.00812016407754	0.0020948741138373827	0.043776161212243196
GUT_GENOME239749	OP41wA13	0.014700501153448413	0.00882580878111501	4776980	4542020	6089810	5807607	282.21858376563614	234.9950397105518	344.555940701487	0.001419371436470146	0.030640739118049647	45.57305575913548	2.0	45.802493692486465	0.0011688236430366314	0.03070544328258731
GUT_GENOME239749	GCA_027664105	0.014798545564717472	0.008716473288887992	4858518	4611957	6089810	5689189	292.90275623045886	231.58054177348913	349.9188695152955	0.001436547752969827	0.03138034395809345	44.59805909667527	2.0	45.492630105401844	0.0011539986781230565	0.031138762803216893
GUT_GENOME239749	GUT_GENOME001153	0.006279008023734859	0.001387276545646509	5476502	4872136	6089810	6031112	3592.624460959116	2519.1605790293947	4637.723399928328	0.0003563579497697192	0.026807081496062438	22.531172666540044	2.0	24.237526481116227	0.0002432956887512166	0.025145156780104073
GUT_GENOME239749	GUT_GENOME096133	0.012808392576886443	0.006808821972543754	5057231	4770135	6089810	6052596	435.13528579272815	346.2630225224248	529.0684888285859	0.0011997495192396514	0.03067990293609358	38.84788798857717	2.0	39.56252595771612	0.0010191105729900677	0.030762751122087942
GUT_GENOME239749	GUT_GENOME000831	0.0491823723382904	0.03893408264801225	4474286	4180887	6089810	6605530	6.7026535198405615	4.246979277771295	14.956644341956808	0.02858341013738794	0.05494313320746	78.16430967272913	2.0	54.551957705075615	0.027881754014901006	0.06691752543270023
GUT_GENOME239749	GUT_GENOME001215	0.014124233575605147	0.00836569852076297	4926285	4680183	6089810	6179886	310.4478685160273	250.32678043728896	366.4951027927286	0.0013808923122940698	0.0307630950152979	43.33351801347897	2.0	43.985706599531	0.0011334227409476182	0.03066480911210795
GUT_GENOME239749	GUT_GENOME239778	0.015112638304258826	0.008794023013579103	4837342	4584250	6089810	5700304	291.28268121437543	248.79536955935674	354.5339187386595	0.0014611661588642326	0.03222455840524591	44.20735568180596	2.0	45.68273922752461	0.0011557289684051492	0.03170118834753774
GUT_GENOME239749	GUT_GENOME001255	0.05703829827184065	0.04854753055527807	4303249	4074337	6089810	6486514	3.9415108083252477	2.426490119349005	7.701110074640917	0.035049779135931616	0.06438806953022724	74.93045956883569	2.0	54.83462334100365	0.0346288757944571	0.07549141572439211
GUT_GENOME239749	GCA_027682365	0.05659951402099491	0.048593883169402316	4154912	3945867	6089810	6259603	2.3617244568891165	2.1711042218596863	2.520842352005968	0.034154121145852735	0.06486583744256615	73.10255387058409	2.265288860382093	50.78117477130477	0.033856398718543665	0.07864492373604821
GCA_027680565	GMC_3401SE_0218_027_E1_final	0.0444229672757954	0.03638777639703265	4342596	4116135	6273636	5776522	5.701299356611462	5.078540492980811	6.413824859762352	0.02526378430459427	0.048107630514442286	83.83632195868114	2.0	56.8954199440305	0.024859600844262888	0.05924314665982837
GCA_027680565	GUT_GENOME140069	0.04674505525296385	0.037803519841077264	4304113	4059331	6273636	5883199	5.548057713011968	4.890083070329036	6.545362953727656	0.028203061980488126	0.050767029642757214	82.18357451883129	2.0	54.699990704591926	0.02773919511631799	0.06248437313991342
GCA_027680565	GUT_GENOME001402	0.0560095679371125	0.04645327450920273	3845343	3620283	6273636	5652331	3.8769238140046305	3.293911198043437	4.529175836488812	0.034744639321420946	0.06322735732612934	74.67632528194231	2.0	54.190510872958065	0.034617284651637756	0.07409617170449298
GCA_027680565	GUT_GENOME143484	0.04754109939246978	0.038408087077498335	4261681	4013712	6273636	5774847	4.905988416734324	4.388114786539224	5.457704773270762	0.027905746583122264	0.05203457059704719	81.2762842311195	2.0	54.80959924895852	0.027778389467394134	0.06378890068684834
GCA_027680565	GUT_GENOME001390	0.04558633315401149	0.037465210150996166	4362733	4136264	6273636	5784588	5.892601031645433	5.184582256041278	7.254445266854188	0.02783840068845706	0.04907105763969816	83.58286941481828	2.0	54.64028612040901	0.027608693928774415	0.06051714009985635
GCA_027680565	GCA_027693325	0.018048205569102256	0.012416671719283017	4899102	4700535	6273636	6446767	34.54132269400602	30.552962978944066	39.46584401813827	0.005236042274239874	0.02851366167411119	54.98094646902716	2.0	46.88967375770691	0.004834265505775731	0.03299543742955061
GCA_027680565	GCA_027670505	0.04828008415883604	0.038612543346004696	4323729	4057179	6273636	5907797	5.9904240598358305	4.916460258890509	8.207153569972803	0.027851155228403073	0.05247725199732277	82.97771463822146	2.0	56.077079670583885	0.027748670142725865	0.06436275002847856
GCA_027680565	GUT_GENOME001792	0.02750354030645529	0.02085431485387071	4713575	4494034	6273636	6518403	13.477405363797416	9.183590299679619	35.755030322982975	0.013261936687079227	0.03402870661569305	68.65100443175602	2.0	48.757068740517546	0.012379021905665704	0.0433993378615668
GCA_027680565	GMC_5893AJ_0218_015_A6_final	0.044329419509526936	0.03634741753226945	4338383	4114185	6273636	5849934	5.740554791696732	5.125618911204722	6.530777670500618	0.025283838906568275	0.047803845952171985	84.51136508444401	2.0	56.972414667604234	0.024859400953756574	0.05902482087947306
GCA_027680565	GCA_027663725	0.048581990018106806	0.03883506463870782	4298383	4031640	6273636	5943536	5.286555541355275	4.745591269188171	5.988502120840314	0.02865850109404721	0.0528804984195144	82.24372023890768	2.0	55.86801475293488	0.027859366936791308	0.06495380898829056
GCA_027680565	bf_0095_0063_a1_final	0.046808451176569225	0.03747013014655564	4293840	4040445	6273636	6052076	5.860966590709348	5.231137334387239	6.754833469911832	0.026776647220593888	0.050909165621339694	82.95727759462478	2.0	57.918889328891886	0.026766952670908107	0.0613624859978966
GCA_027680565	GCA_027680785	0.05623547108767296	0.04660289187661043	3896971	3666339	6273636	5624952	4.996569583959628	3.622509109882813	9.90385642856632	0.03494331585055007	0.06278124730238896	76.46219310616203	2.0	55.01982777428422	0.0346369939227932	0.0738928882261322
GCA_027680565	OP41wA13	0.046519794581352754	0.0376056379287146	4271472	4028146	6273636	5807607	5.783123546795382	5.1165296224100745	6.679878841682214	0.027279505109364884	0.05041559512026832	83.1315866771047	2.0	57.7677348350915	0.026812175986246974	0.06092329352820493
GCA_027680565	GCA_027664105	0.046220427806249346	0.03753644698734708	4322050	4082299	6273636	5689189	5.807624583191629	4.788801616867587	6.813034232783764	0.027839307784119628	0.049825748012369935	83.60824190263388	2.0	55.073939506144264	0.027686138154841722	0.06134084224036609
GCA_027680565	GUT_GENOME001153	0.047343025362589414	0.03840270966720072	4351961	4103825	6273636	6031112	5.279970097514852	4.553022553341549	6.325434939411739	0.02815830619790622	0.051639543531694934	81.67867546973127	2.0	54.94880546075085	0.0277287011529405	0.06342929278604771
GCA_027680565	GUT_GENOME096133	0.04609180604214313	0.037581804338027706	4491883	4248705	6273636	6052596	6.219011471748017	5.272831839287592	7.581595766094859	0.026731904635688274	0.04969549987218917	84.32666797033016	2.0	58.07345884501052	0.02673647033830531	0.060061569797618175
GCA_027680565	GUT_GENOME000831	0.027663536489931456	0.02107554151324129	4662889	4446244	6273636	6605530	9.340685242446568	8.283440451851828	10.402368359523834	0.013489785699291901	0.03563165568398403	64.0299678672055	2.0	42.83615225388518	0.013180209760030303	0.046985899257044286
GCA_027680565	GUT_GENOME001215	0.04593104150329108	0.03724307966889955	4440178	4195464	6273636	6179886	7.7320071555262455	5.350892404627905	15.163559211780324	0.027833477562097753	0.04917156443187922	84.77509181036523	2.0	55.393365996508415	0.027673871326125702	0.06062292225440037
GCA_027680565	GUT_GENOME239778	0.04613732490730778	0.03744558509691137	4322639	4082751	6273636	5700304	6.07899110491342	5.192021955184712	7.3350958725127064	0.02766857512684167	0.049654089190270076	83.9609798927354	2.0	55.16347733530787	0.027666532908252515	0.06115494966442454
GCA_027680565	GUT_GENOME001255	0.041996468457611395	0.03517508403657238	4507379	4302591	6273636	6486514	4.333085797207043	3.6440528554783627	5.213039705387521	0.025978687312336348	0.04694705888651525	76.3971012985153	2.0	49.168414161923465	0.02564176707609223	0.05890614915942212
GCA_027680565	GCA_027682365	0.041681031434532015	0.034821701212565566	4524960	4319519	6273636	6259603	4.6628763265377	4.052463050771224	5.356413816614455	0.026030295698500558	0.046201058169174976	77.61997502928074	2.0	52.87518926625479	0.026468632003563083	0.055245952567718706
GMC_3401SE_0218_027_E1_final	GUT_GENOME140069	0.020972484709211946	0.01384330723686412	4675364	4423076	5776522	5883199	77.75433179054279	68.45561614528619	88.88088688682033	0.003042147252481691	0.03518947483947225	55.83697166873382	2.0	50.15456363850292	0.0031533905579399194	0.03868013861364087
GMC_3401SE_0218_027_E1_final	GUT_GENOME001402	0.036818632602030915	0.025813995084211148	4061612	3768266	5776522	5652331	30.655421348536855	26.854607515675518	34.80323276423052	0.003590313326980102	0.04508902329280447	79.96814559192605	2.0	74.34432487009629	0.0037291226722980845	0.04820381414794909
GMC_3401SE_0218_027_E1_final	GUT_GENOME143484	0.020530020302545627	0.013614060470784754	4642275	4401332	5776522	5774847	81.25418124080262	72.82269185002764	92.76183550739276	0.0030307841986615255	0.035379393067052935	54.095208613660866	2.0	48.66795221217964	0.0031243651626443507	0.03888885094289989
GMC_3401SE_0218_027_E1_final	GUT_GENOME001390	0.018398925537231384	0.01277279331203046	4802400	4590930	5776522	5784588	90.84178919523494	76.54007346565282	105.69759652944545	0.0028214878125439736	0.03209084268893458	53.52692434969846	2.0	46.435972466650696	0.0030422458541518116	0.036105069804606336
GMC_3401SE_0218_027_E1_final	GCA_027693325	0.04536801421580132	0.036383205690821	4324765	4076881	5776522	6446767	4.876891747297525	4.478138147225271	5.281994838383506	0.02461107098961299	0.05064070831011449	79.75231882769162	2.0	55.826404708766496	0.02483821989528555	0.06158594647272746
GMC_3401SE_0218_027_E1_final	GCA_027670505	0.021163530697380244	0.014059266456595257	4692648	4437856	5776522	5907797	80.75932825815622	73.00070872404818	92.9908435734444	0.002992036113156827	0.035466893894785564	55.56337745991444	2.0	49.97762005243302	0.003114832332012456	0.03920570288159955
GMC_3401SE_0218_027_E1_final	GUT_GENOME001792	0.04822457909255208	0.038255009539260205	4205200	3940033	5776522	6518403	4.3972517769016815	3.988407843814497	4.923631859337021	0.02582270810976775	0.055323186415217065	75.86782606560135	2.0	52.78706071237438	0.02580442832312974	0.06824926778713442
GMC_3401SE_0218_027_E1_final	GMC_5893AJ_0218_015_A6_final	0.001241491238684297	5.0471410207381414e-05	5685904	5527882	5776522	5849934	4851.747176030321	1449.4642124191514	9896.281829067362	4.57063887345276e-05	0.10640385646526265	1.4660916414971013	2.0	1.678979771328056	3.656823894588806e-05	0.07171596531051762
GMC_3401SE_0218_027_E1_final	GCA_027663725	0.021559793182426824	0.014467923178634693	4622818	4372846	5776522	5943536	72.51941890323424	64.42313516938195	80.77020539674935	0.003061858272257109	0.035080324480641634	57.79562328647267	2.0	51.70168112680932	0.003195493437261981	0.03869433455526779
GMC_3401SE_0218_027_E1_final	bf_0095_0063_a1_final	0.01903746556980201	0.01299049053482696	4678669	4459031	5776522	6052076	92.95826694656093	75.70938246899848	145.07166612855443	0.002808429652855255	0.0329083798045555	53.861932655904226	2.0	47.158356047244936	0.003027146209240331	0.03697570203479186
GMC_3401SE_0218_027_E1_final	GCA_027680785	0.03623850351638003	0.025752520060922775	3994591	3716180	5776522	5624952	29.672167111779963	27.24791331618253	34.2595135291262	0.0037003265605476295	0.04428737338335834	80.22032428478116	2.0	70.74605936924868	0.004586578789694553	0.04933155288989964
GMC_3401SE_0218_027_E1_final	OP41wA13	0.018795294339732357	0.013055004219759237	4746454	4533434	5776522	5807607	85.80407460111711	76.19996000824247	97.14040749146511	0.0028146042500472677	0.03220126785747263	54.57200118084127	2.0	47.15259558955231	0.003056142589417557	0.03643759485485788
GMC_3401SE_0218_027_E1_final	GCA_027664105	0.01853358620937154	0.01309864857336739	4764917	4559478	5776522	5689189	86.4685343932798	77.82235669849663	96.41304231585677	0.002752350799667316	0.031666668890069846	55.260082192577734	2.0	52.856842989084804	0.00244427623669794	0.03288743262800282
GMC_3401SE_0218_027_E1_final	GUT_GENOME001153	0.020710059171597635	0.013891526856847646	4720170	4475246	5776522	6031112	78.04504998151599	68.42071225090541	87.26780805538743	0.0029868658322426424	0.03485434427259997	55.62123569522563	2.0	49.65619537002702	0.003122798156449351	0.03853793633182013
GMC_3401SE_0218_027_E1_final	GUT_GENOME096133	0.01826613945196604	0.012606854577088713	4821818	4608366	5776522	6052596	90.28655276104863	79.31825112712535	104.44842437826048	0.0028216021524237215	0.03206263232024326	52.821155001265495	2.0	45.96652077412931	0.0030321701408884765	0.03616668263802171
GMC_3401SE_0218_027_E1_final	GUT_GENOME000831	0.04786391248746662	0.03823945205396248	4207763	3951338	5776522	6605530	4.069122288492791	3.7821177626144253	4.440700046498787	0.02599039052138095	0.055196845635658645	74.8699502188989	2.0	52.24455352579721	0.025788153310102705	0.06803715131670986
GMC_3401SE_0218_027_E1_final	GUT_GENOME001215	0.019504540577320668	0.013312141579078599	4776375	4552085	5776522	6179886	85.98694543800234	74.4561725486719	103.17836247311574	0.002905562603737948	0.03390155605093676	53.57478413635045	2.0	47.44055534033442	0.00306504113627769	0.03771821420688698
GMC_3401SE_0218_027_E1_final	GUT_GENOME239778	0.018751609339612292	0.013163903351334444	4749619	4539535	5776522	5700304	86.40960097242116	75.46766494917229	95.85292473610777	0.0027764265544589807	0.03202245776261542	54.75667987381901	2.0	47.28241413439468	0.0030383079012543785	0.03626558779559291
GMC_3401SE_0218_027_E1_final	GUT_GENOME001255	0.05539551774328715	0.047634225957034086	4080980	3880844	5776522	6486514	2.3206506045280406	2.144538458206013	2.5187044656028195	0.03395112674237976	0.0628383973965168	74.17339801333709	2.328236151341991	50.67584956066715	0.033816691097915026	0.07637026613665929
GMC_3401SE_0218_027_E1_final	GCA_027682365	0.054887669658699664	0.047131725759601645	3989038	3795575	5776522	6259603	2.420265802755732	2.2002696846200385	2.6387124943281965	0.03361447239537995	0.0623199044513654	74.02975008738392	2.2664859539735867	52.99892179233219	0.03290303822454495	0.07437752027294381
GUT_GENOME140069	GUT_GENOME001402	0.02757718065107847	0.017139788356367192	4205361	3897306	5883199	5652331	102.89161581738078	87.66300841576475	117.26626506594394	0.002318793564251701	0.042827103604160636	62.36339244204919	2.0	60.583429461641835	0.002151335042993005	0.04412203361781717
GUT_GENOME140069	GUT_GENOME143484	0.007756663667193673	0.0026330087349019935	5282039	4809327	5883199	5774847	1602.817957083132	1270.5862277179563	2026.7786538995213	0.0005163499090361259	0.024913527508270052	29.54619837910184	2.0	31.872147847986216	0.000337057728119145	0.023605143176349402
GUT_GENOME140069	GUT_GENOME001390	0.013790798440250763	0.0074286291391128636	4912841	4633964	5883199	5784588	314.35308342813136	244.2801718023306	370.79038534055707	0.001423310944162092	0.03184428077123098	40.62096679847664	2.0	42.09878051263259	0.001131625674654238	0.031191369839199894
GUT_GENOME140069	GCA_027693325	0.04836960244134136	0.038765642074116494	4365469	4093367	5883199	6446767	4.525739246043506	4.10652050919727	4.9394245716236105	0.027754630519498107	0.053701198142019964	79.49616566127014	2.0	54.627624841048906	0.027824319547540628	0.06543534777742747
GUT_GENOME140069	GCA_027670505	0.013178593376418876	0.007215389738738276	5116024	4828568	5883199	5907797	562.2467470039184	451.4276016909416	708.1731796913612	0.000994279263564659	0.030447630255348915	41.43380167943196	2.0	40.40390217200055	0.0009179241569348683	0.031262486532164235
GUT_GENOME140069	GUT_GENOME001792	0.04996553940041819	0.03973712158463504	4291858	4008393	5883199	6518403	3.8742237660559407	3.5031672919999064	4.265915494248555	0.028332665099497376	0.057095274490445484	75.18950661794838	2.0	53.70022955289622	0.027849247495844706	0.06901653449334332
GUT_GENOME140069	GMC_5893AJ_0218_015_A6_final	0.02090371283348268	0.013857350800582242	4681465	4431150	5883199	5849934	77.67636921803805	68.54667419833768	87.24643012568043	0.0030154814093187126	0.034890328019951414	56.045704596141796	2.0	50.11056392945273	0.0031472742066720833	0.038580457059283306
GUT_GENOME140069	GCA_027663725	0.011030144129080509	0.005411216360313101	5150522	4822206	5883199	5943536	737.0458749788925	557.2029523195522	889.9139826441632	0.0008402996521652814	0.02763316716207862	37.974145116474396	2.0	35.925120397700795	0.0008353133713178104	0.02920054219736596
GUT_GENOME140069	bf_0095_0063_a1_final	0.012821470050600421	0.007026278661151468	4968931	4697081	5883199	6052076	330.0635892300079	279.84363589070364	388.2707169020409	0.001284601284061455	0.029679983269451198	40.44054909005785	2.0	40.7860305958132	0.001083572703323007	0.029861015787372987
GUT_GENOME140069	GCA_027680785	0.027191065383584935	0.017099324437843927	4154269	3856936	5883199	5624952	93.46592553409623	83.29352372706676	105.36149047045292	0.002482062718137622	0.04188233667284972	62.82095121240248	2.0	56.50378610037681	0.002866900999141922	0.04591965601993361
GUT_GENOME140069	OP41wA13	0.014861426043314703	0.008490403358006151	4840989	4581290	5883199	5807607	276.51159729023004	232.34446046821134	322.37336187249787	0.001433713509917747	0.03188504700611894	44.15066202496282	2.0	45.08631109182756	0.0011542412100007055	0.03154409934043581
GUT_GENOME140069	GCA_027664105	0.015068698583772668	0.008379618858173945	4827756	4551639	5883199	5689189	286.54810768655733	237.00524384158985	359.8813844429717	0.00142445668644197	0.03264938334955058	43.79160245988752	2.0	44.723784662875374	0.0011390127806305455	0.0322627281653135
GUT_GENOME140069	GUT_GENOME001153	0.012849652504678203	0.006993861437741066	5029708	4746877	5883199	6031112	521.7754140450976	437.3525609897869	613.7558423864757	0.0009917690004765556	0.029793193925782925	41.27769961592643	2.0	39.92900890868597	0.0009280831554033609	0.030774151487988885
GUT_GENOME140069	GUT_GENOME096133	0.013557789329310661	0.007491084375957452	4965190	4693446	5883199	6052596	298.5625344832079	237.09792123095716	378.6578942171504	0.0014739838843634528	0.031013107363684518	40.524329295574866	2.0	42.26821775696228	0.001165477415865706	0.03048565417153958
GUT_GENOME140069	GUT_GENOME000831	0.049930564307871544	0.039830278684408735	4260777	3983000	5883199	6605530	3.4610271035285374	3.1377295545637924	3.747325286325641	0.02830894378237353	0.05785180837748229	73.0481345836172	2.0	52.851626230970574	0.02784400906171169	0.06961856455666357
GUT_GENOME140069	GUT_GENOME001215	0.012797328722868838	0.007250720373260659	4985181	4724634	5883199	6179886	416.6061403584567	314.14006175839035	522.9553427871575	0.0011896485473024232	0.029267542644864714	41.18552583434685	2.0	40.99714099413151	0.0010365370556132908	0.029723791188825784
GUT_GENOME140069	GUT_GENOME239778	0.015350771593067806	0.008409608223121597	4797153	4517214	5883199	5700304	283.13818824499907	238.21894233031995	328.2548489949903	0.0014491739046019478	0.033438004851090775	43.40799547682983	2.0	44.910086004691166	0.0011466363894409584	0.03277361993313686
GUT_GENOME140069	GUT_GENOME001255	0.05782935026369701	0.04940562649315237	4206722	3982765	5883199	6486514	2.315370002096062	2.138595278695212	2.5437054574073654	0.0343120995702218	0.06681652077951784	72.36126647480177	2.291725350585653	51.282752389557274	0.03388706410600485	0.08057696511258323
GUT_GENOME140069	GCA_027682365	0.056629263513025864	0.04860634895355373	4087445	3880419	5883199	6259603	2.3173059702733596	2.1319791875613943	2.5136156630970596	0.03427296790050767	0.0652639053871853	72.16161778387439	2.3002292316342574	50.52367551694604	0.033890595246926454	0.07889916121910033
GUT_GENOME001402	GUT_GENOME143484	0.027767068810866376	0.017383503854919265	4137239	3835878	5652331	5774847	98.3800312375047	84.04338206982283	113.64293130761702	0.0023496392794914735	0.04291264196998442	62.68368960567896	2.0	61.085994729589245	0.0021625869781313417	0.044076428493226176
GUT_GENOME001402	GUT_GENOME001390	0.028904018221097737	0.017596943582274163	4127523	3806286	5652331	5784588	84.48545616456505	74.2150602739087	95.47569013258676	0.002678747368085538	0.04416604345798945	63.23717862505648	2.0	58.03445936121747	0.002942399307059208	0.04767928750551749
GUT_GENOME001402	GCA_027693325	0.057209249199023995	0.04747484139017687	3869654	3635336	5652331	6446767	2.6882888022643945	2.43817756914176	3.0295385471969274	0.03465412370119025	0.06668841923744537	70.3816856880231	2.0	50.38836833602585	0.03383713236251779	0.08018393897348997
GUT_GENOME001402	GCA_027670505	0.02690888587454354	0.01640689110428348	4213924	3904396	5652331	5907797	114.31856450343015	98.84032092770143	132.89369893333742	0.0021953812654085907	0.04264574574667774	60.97652293170782	2.0	59.01970092570614	0.002084622067767247	0.044144993345743753
GUT_GENOME001402	GUT_GENOME001792	0.05704699374236922	0.04749792498526478	3869196	3640938	5652331	6518403	3.5079518222998547	2.9639851689961327	4.008365791508697	0.034802029664078735	0.06446156967272623	74.97441729709206	2.0	54.810314741808305	0.03460160746359618	0.07554749551929199
GUT_GENOME001402	GMC_5893AJ_0218_015_A6_final	0.037042097085313724	0.025936990585535943	4062324	3764739	5652331	5849934	30.164566517843667	26.77589979948202	33.794637484645094	0.0036652209032061516	0.04537720203312686	79.93936318560047	2.0	70.73422957600827	0.004557126030624367	0.05045213064467387
GUT_GENOME001402	GCA_027663725	0.026946026177820197	0.01635633729344536	4182472	3874217	5652331	5943536	114.08553795301319	99.74368132105374	135.95486531073243	0.0022885706081822096	0.04343191962240636	59.894334274121874	2.0	58.47592399947388	0.0021066605235120174	0.04456697067927971
GUT_GENOME001402	bf_0095_0063_a1_final	0.02867594158705958	0.018432482370569173	4197700	3898878	5652331	6052076	77.96556289794896	67.38849273575892	89.42648365269439	0.0024577794581238945	0.041752048132332464	66.74305573852962	2.0	60.04289033180438	0.0029230723358576525	0.045813866987027586
GUT_GENOME001402	GCA_027680785	0.010320419979830412	0.005736259940059676	4774515	4550526	5652331	5624952	209.1720773630229	159.98574178219073	280.9840945207868	0.0016284455478747296	0.024221059204477292	39.03349114908058	2.0	39.588570470923415	0.0012889936888827677	0.024098912198029402
GUT_GENOME001402	OP41wA13	0.029752808399307117	0.01822906780054247	4117292	3793008	5652331	5807607	85.35960993431611	71.38598906404445	103.21537546107407	0.0024539321226372656	0.04387498613369831	65.76072155570117	2.0	59.82363015778541	0.0028671544322166603	0.04781064598609187
GUT_GENOME001402	GCA_027664105	0.02980796242841048	0.018280743981913195	4086492	3764070	5652331	5689189	80.78963251801166	71.06098358571273	94.32722664370988	0.00262542850465484	0.04458876195650955	64.77781156052305	2.0	59.39224828970395	0.002929507850878418	0.048181345886398594
GUT_GENOME001402	GUT_GENOME001153	0.027234838041826716	0.016700745801174845	4200282	3891922	5652331	6031112	115.35481472178728	98.98017158027668	135.0924091879329	0.0021957504083212663	0.04303030426616393	61.36599468878327	2.0	59.34132663388382	0.0020817617430011616	0.04446656761086245
GUT_GENOME001402	GUT_GENOME096133	0.03074664166536654	0.018801540994545243	4114986	3779637	5652331	6052596	76.63153934696531	65.21040203310218	91.4788152519682	0.0027089719118703628	0.04504732484522006	66.16955510200606	2.0	60.92536551573268	0.0029989735933562815	0.048502133557224186
GUT_GENOME001402	GUT_GENOME000831	0.0578390769824587	0.0481140405296214	3834380	3602649	5652331	6605530	2.7884423777079275	2.4787393761389844	3.163514124096445	0.03486359955436534	0.06670931746791249	72.12278796628594	2.0	53.959227327863935	0.034640868013258046	0.07763398141940576
GUT_GENOME001402	GUT_GENOME001215	0.029325220889908337	0.018208455203869746	4183532	3861338	5652331	6179886	77.23199032103285	68.97389894042641	91.65306758925993	0.0027840780686376188	0.0442733667887439	63.95485502433682	2.0	58.86290823889446	0.0030079042194581487	0.04767275428619853
GUT_GENOME001402	GUT_GENOME239778	0.03041471066521269	0.018460182863019148	4084438	3749692	5652331	5700304	78.65507751226052	69.16681480031197	89.70901110322123	0.00269048636607688	0.04535446871048503	64.91888981184925	2.0	59.84694502265213	0.0029562406611165957	0.0488371813838396
GUT_GENOME001402	GUT_GENOME001255	0.0634219811160887	0.054340767209112774	3682288	3476966	5652331	6486514	2.1631047846610993	1.9900079381584856	2.386578644350945	0.03611406841121384	0.07321873114275813	73.59239327209669	2.3692350670486824	54.29529927879718	0.03593886514306632	0.08655443265959724
GUT_GENOME001402	GCA_027682365	0.06334028260617551	0.05414940398784431	3683359	3474258	5652331	6259603	2.178027914147016	2.0199763809899873	2.3854391078839696	0.03572165030703996	0.07308373716072968	73.93981349037735	2.411782815653224	52.43519939170932	0.03522957443418306	0.08884924128644907
GUT_GENOME143484	GUT_GENOME001390	0.013235224161111914	0.007149037079969774	4792892	4527323	5774847	5784588	343.2798747156835	284.08901871956687	430.35288906294295	0.0013579142429376773	0.031140537609094097	40.14080010992557	2.0	40.896712194409375	0.0011037356118919592	0.030749679175318526
GUT_GENOME143484	GCA_027693325	0.04802676854184004	0.038679752089969203	4333146	4070993	5774847	6446767	4.39387749030458	3.9833855426492764	4.873530326215215	0.027466983409813996	0.05337650341380858	79.31115480893823	2.0	54.30958866164997	0.027767959987872202	0.06504898971593351
GUT_GENOME143484	GCA_027670505	0.012965437832049015	0.007171853536224155	4919078	4646637	5774847	5907797	560.8606146507353	463.1794661328759	665.6952314798302	0.0009695895564734427	0.03045803644162853	40.6127225541968	2.0	39.51587487164889	0.0009094026288366033	0.03140493436772879
GUT_GENOME143484	GUT_GENOME001792	0.05018630365286282	0.04090377627275677	4209794	3963326	5774847	6518403	3.7494073593966712	3.418818570156166	4.103744156501775	0.02829303671820663	0.05778618442287315	74.22738000975659	2.0	53.506302196562004	0.027822674195771006	0.06961201742241632
GUT_GENOME143484	GMC_5893AJ_0218_015_A6_final	0.020530981067125646	0.013672542416262286	4648000	4407154	5774847	5849934	81.24394171054846	70.82851567314779	92.17537691257346	0.003013461068411696	0.03507566957683029	53.46748344765725	2.0	48.698636769563485	0.003125503355704753	0.03885555897008949
GUT_GENOME143484	GCA_027663725	0.010187173374173073	0.005170176395983336	5066960	4760766	5774847	5943536	687.7621802162647	540.4228841034474	899.146151907201	0.0008578740701000832	0.026136181384628428	36.54752008367131	2.0	34.91971062267447	0.000851562026084413	0.027548367324653843
GUT_GENOME143484	bf_0095_0063_a1_final	0.012237387860749495	0.006590230268530368	4935939	4659473	5774847	6052076	373.6226694295832	314.8869823295956	451.20942074666175	0.0012099049297584188	0.029232538021600498	39.42839774991348	2.0	39.20466058763931	0.0010429130905759403	0.029598400794373272
GUT_GENOME143484	GCA_027680785	0.02741839647934611	0.017384245439814285	4140140	3845896	5774847	5624952	97.49578399791609	80.18465796108593	123.28197439884201	0.0023596877984232325	0.04195736007970701	63.283146107125035	2.0	61.28841321994588	0.002193528255374992	0.04334565102974482
GUT_GENOME143484	OP41wA13	0.013890004587004913	0.007521779178550422	4767817	4505450	5774847	5807607	272.6836283527729	234.631461209779	313.96786559278746	0.001502990553217953	0.03203197632196186	40.91384060142334	2.0	42.453166628207015	0.001183362496354773	0.031115653203920585
GUT_GENOME143484	GCA_027664105	0.013940702397882681	0.00752564495436577	4837059	4565323	5774847	5689189	286.2724347926412	238.27496567267994	338.3781849179014	0.0014682478510522061	0.03197683897934984	40.87623229013829	2.0	42.53073209060926	0.0011581693232110425	0.031211687450235188
GUT_GENOME143484	GUT_GENOME001153	0.012626274276262834	0.006417987300023265	4985477	4676544	5774847	6031112	612.1799066440409	455.28745003688175	761.1366273946946	0.0009497860420250193	0.03075933986771627	38.58625949062071	2.0	37.93120743096167	0.00088789049242862	0.03182779818403694
GUT_GENOME143484	GUT_GENOME096133	0.012665584557945867	0.006595107398182169	4926184	4639045	5774847	6052596	322.298711208076	269.6453302477774	378.0606340785324	0.0014156262608642153	0.03104931099418862	38.35604257815378	2.0	39.64570326379371	0.0011371863015543237	0.030215311545786317
GUT_GENOME143484	GUT_GENOME000831	0.04985968077168353	0.040835993570747756	4222871	3983667	5774847	6605530	3.542532935919047	3.291020488948681	3.9314162634126064	0.028509172721336497	0.05763109342946029	73.27498851201193	2.0	52.92696502800839	0.027839388145312848	0.0694271719765063
GUT_GENOME143484	GUT_GENOME001215	0.01151297958321696	0.005828015669114796	4962486	4665739	5774847	6179886	432.53828146047596	350.2485587512609	562.7387267837644	0.001193276729766712	0.029389325712382727	36.633171906272736	2.0	36.811077183541435	0.0010219287753378324	0.02951564001607829
GUT_GENOME143484	GUT_GENOME239778	0.014235953417377796	0.0076008449198708495	4819909	4542916	5774847	5700304	284.2788035828593	242.52786522744904	334.3638441083593	0.001489401822861537	0.032635095397750696	40.78295212659925	2.0	42.852251504461506	0.0011587719457508163	0.031639550629523096
GUT_GENOME143484	GUT_GENOME001255	0.05785036760790818	0.0494993998327365	4122463	3906411	5774847	6486514	2.2642308601568955	2.0860641054657076	2.4464602471386896	0.03466906464257992	0.06640869469526696	73.03920998262593	2.3247321485531214	51.59345391903531	0.03398529242648314	0.08023654447553875
GUT_GENOME143484	GCA_027682365	0.056599570185806594	0.0485625961146157	4026391	3823560	5774847	6259603	2.256847539762761	2.0804360598867793	2.4567876968898172	0.034601654873635014	0.06511013657697888	72.12142852298015	2.3175329708317887	50.56329106062676	0.03396020729933522	0.07872811241034107
GUT_GENOME001390	GCA_027693325	0.04678928709066574	0.037996303613536425	4322934	4079660	5784588	6446767	4.528226892902801	3.8820263929433154	5.9139769185911355	0.027445019262981096	0.05168354586320764	79.84387616577094	2.0	53.88477556686719	0.02769760674326154	0.06313157631923925
GUT_GENOME001390	GCA_027670505	0.013798377010213336	0.007303034060196167	5061030	4766649	5784588	5907797	410.70993221943576	333.83943740978225	534.8835325639465	0.001249434119391988	0.03221700084507932	40.34697445941901	2.0	41.015987826327546	0.0010403229859448809	0.03214022055684806
GUT_GENOME001390	GUT_GENOME001792	0.0483421575673187	0.03883556354515092	4274592	4012997	5784588	6518403	4.522762004354307	3.8676337495472564	5.5240849064007875	0.027781316624799178	0.05475623374674138	76.18861514076629	2.0	53.157137341616654	0.027697337529344414	0.06653045780902922
GUT_GENOME001390	GMC_5893AJ_0218_015_A6_final	0.018583384983970924	0.012806998383644227	4795036	4578200	5784588	5849934	88.13915200840292	76.55563630894817	104.56467892359281	0.002827503882322897	0.03218045748744187	53.76147537021156	2.0	46.68550927181327	0.0030560065728986326	0.03631541474984922
GUT_GENOME001390	GCA_027663725	0.014074473132594243	0.007480341124959758	4917129	4634548	5784588	5943536	332.1144496709303	286.40883856569235	394.8728672025835	0.0014110278442636343	0.03288645755269943	40.25797392989481	2.0	41.8493958748627	0.0011188260808732268	0.03207840387310974
GUT_GENOME001390	bf_0095_0063_a1_final	0.01218131160067866	0.005815955043431831	4941504	4618502	5784588	6052076	480.36033334808036	384.6331308019429	588.4387126796825	0.001089595637332136	0.030583978785223905	37.75246088439081	2.0	37.39424361413594	0.0009578416475381886	0.030971305711274856
GUT_GENOME001390	GCA_027680785	0.028711958100532214	0.017544361786206393	4013798	3703469	5784588	5624952	84.1574608725599	74.23716061669333	98.10758084371908	0.002700688040998322	0.0440489984666048	62.83514146555014	2.0	57.76069377125983	0.002955634218288965	0.04753435421606142
GUT_GENOME001390	OP41wA13	0.011248766981333303	0.005026845808308385	4894492	4560116	5784588	5807607	601.2026529685493	464.55700674324487	858.102321777218	0.00103159095707479	0.030307037637056538	34.93788762370349	2.0	34.776389328810374	0.0009215947364299552	0.03060571073215356
GUT_GENOME001390	GCA_027664105	0.010397473758546528	0.0048551798174986584	4984480	4657500	5784588	5689189	594.7802516643553	461.64907952512937	741.3361334307789	0.0009853649752110288	0.027878601302697533	34.834560597267185	2.0	33.86742382438222	0.000911234165212901	0.02890440273929925
GUT_GENOME001390	GUT_GENOME001153	0.013632617700106719	0.007328928269200368	5018772	4731524	5784588	6031112	422.4316174282145	351.2030699871924	518.661638074113	0.0011985825938655716	0.03179602246022022	40.42489061442701	2.0	40.86311866636109	0.00102722922423683	0.03187751441160747
GUT_GENOME001390	GUT_GENOME096133	0.0070369276806407245	0.0021070112723448565	5327467	4835285	5784588	6052596	1584.9890210498327	1243.813966626496	1944.6082317024573	0.0005332751104800838	0.02602923388943551	25.39737092510603	2.0	28.585106682561882	0.0003354933687350876	0.02377872599576939
GUT_GENOME001390	GUT_GENOME000831	0.04839955989045806	0.03911479715876907	4243489	3989820	5784588	6605530	3.6553595829186794	3.271570335119788	4.050237738634221	0.027982472687428504	0.05557083611490164	73.99965426437467	2.0	52.29755689384922	0.027738215238657233	0.06724745798426375
GUT_GENOME001390	GUT_GENOME001215	0.01316569744814808	0.0071513914466757485	4984772	4706217	5784588	6179886	360.1162241239657	295.41565930687017	418.0038061344059	0.0013050650580143895	0.030945060902461227	40.3296915879241	2.0	40.48576903397976	0.0010857354775632739	0.03092179797021338
GUT_GENOME001390	GUT_GENOME239778	0.010701893411911339	0.004887964960177283	4939126	4606416	5784588	5700304	582.11160503872	460.0208126952431	717.3791641241902	0.0010127538343524818	0.028645942649917988	35.1296734083421	2.0	34.23312138026001	0.0009216676417157926	0.029485303805763356
GUT_GENOME001390	GUT_GENOME001255	0.057134263816834466	0.04914426255114239	4139425	3930937	5784588	6486514	2.316858805249151	2.1100752075238933	2.5325128784129602	0.034390963092252945	0.06547512089358945	73.10951973843419	2.3096529898144866	51.25045306270388	0.033925204460965676	0.0792068768101344
GUT_GENOME001390	GCA_027682365	0.055936557236733186	0.04805252156963436	4052913	3851827	5784588	6259603	2.370953471655563	2.1825037448654805	2.6049503133616665	0.0342654911444913	0.0639459955647345	73.03446408856772	2.257950298675944	50.72063178677196	0.03384377342929886	0.07740623783573658
GCA_027693325	GCA_027670505	0.04905218980647451	0.039241463093396343	4344699	4069624	6446767	5907797	4.326684099138228	3.8558499883000934	4.717866538530145	0.027611469338939227	0.05481971775635653	78.80398240230501	2.0	54.79942446043166	0.02777391260058779	0.06659705360100378
GCA_027693325	GUT_GENOME001792	0.025576860378076112	0.01983283733614675	5027083	4822608	6446767	6518403	9.23220438190124	8.162687833762934	10.173357197535928	0.012942634232085708	0.03210750252732311	65.9655785968539	2.0	45.33589327815525	0.012249535941761525	0.041637917171335824
GCA_027693325	GMC_5893AJ_0218_015_A6_final	0.04533207875195354	0.03639954431314424	4325480	4079117	6446767	5849934	4.8642124137016	4.482251761741558	5.268205543068505	0.024656625193382645	0.05055919735739886	79.7704367214831	2.0	55.84396064330392	0.0248519284648192	0.061500002343837
GCA_027693325	GCA_027663725	0.049710803253662054	0.03972491009991119	4278748	4003055	6446767	5943536	4.318004094865453	3.9128169712953644	4.803908693888198	0.02853429326293118	0.05517164405219916	79.44505773140352	2.0	55.3742577960634	0.027903981141956306	0.06727566207411007
GCA_027693325	bf_0095_0063_a1_final	0.04673073261154234	0.03778900274486188	4432308	4177988	6446767	6052076	5.324646991643403	4.246384153298431	8.4603453511744	0.02640281038180055	0.05148272400309235	81.09702928870578	2.0	54.03258563885003	0.025899018163964865	0.06444859264793121
GCA_027693325	GCA_027680785	0.05760061939098845	0.04802709734426391	3792112	3564925	6446767	5624952	2.5881696810582557	2.295311984175673	2.9560894168904275	0.034910457034188935	0.06709049035442359	70.48805374694015	2.0	53.23644228740241	0.03463838908003817	0.07776823665027638
GCA_027693325	OP41wA13	0.04776758510752067	0.03824507690088981	4179801	3924662	6446767	5807607	4.876589582467304	3.960414143040551	6.754747212075691	0.027465225433585795	0.053068634148694296	79.29365867630494	2.0	54.14104190097873	0.027685869338339643	0.06477613003826081
GCA_027693325	GCA_027664105	0.047475826101320937	0.03822194256823716	4237525	3985878	6446767	5689189	4.967860601545172	3.953608040912219	8.582340967005186	0.027996885295964703	0.052535579267922385	79.53821309313497	2.0	54.14365292923571	0.0277637884442128	0.06416387919249415
GCA_027693325	GUT_GENOME001153	0.047937288127922084	0.03853096915744493	4418940	4150791	6446767	6031112	5.041909154903743	4.367651899046477	6.420282068305098	0.028250555018612743	0.052711091796049055	80.46827389047597	2.0	54.74762335898596	0.027799024634235284	0.06458890534978846
GCA_027693325	GUT_GENOME096133	0.047530521661761874	0.03830716210423622	4348469	4091898	6446767	6052596	4.406094364685023	3.8627686854269303	4.840826709523762	0.026851572240431255	0.053316475691555114	78.16242795146718	2.0	56.47318604731401	0.026783681665651312	0.06352361336341295
GCA_027693325	GUT_GENOME000831	0.024524087301861244	0.019500359674255424	5069995	4887756	6446767	6605530	9.637134488540894	8.47844290349307	10.873554887915095	0.012984417799515625	0.029736289876149548	68.80823940240869	2.0	49.07822964855348	0.012914324455200937	0.03656362461656212
GCA_027693325	GUT_GENOME001215	0.04723860035632695	0.037894776921218926	4470052	4202215	6446767	6179886	5.030440968415807	4.389210170847889	6.01843002330779	0.026613101266874804	0.05197640273138939	81.30181929245272	2.0	54.60881823165479	0.025910282953759425	0.0649663331880671
GCA_027693325	GUT_GENOME239778	0.04738721717238236	0.03819638756913748	4221476	3972339	6446767	5700304	4.995421855704414	3.797327491375849	9.062343054733788	0.027904987147059378	0.05239590649526469	79.57377271704993	2.0	54.07115186409355	0.027736903195849566	0.06407445263792419
GCA_027693325	GUT_GENOME001255	0.04092705039690624	0.03465504071897449	4673144	4474818	6446767	6486514	4.064698059703206	3.606212032602856	4.442831982712947	0.02537431141763229	0.04587520910286913	75.72486958570865	2.0	51.121527331877914	0.024678635547574202	0.056469868795325874
GCA_027693325	GCA_027682365	0.041017308034323165	0.0343852890724112	4650037	4440998	6446767	6259603	8.268519141285132	3.605537228167886	61.205479557804466	0.025402341305888226	0.045969450998736415	75.91627736880758	2.0	51.34649717149556	0.024732982200100558	0.0564549776930606
GCA_027670505	GUT_GENOME001792	0.05168766516218727	0.041692164400984354	4313563	4044477	5907797	6518403	4.1117041160805385	3.620291723312976	4.720007907070921	0.028500047972357664	0.059362504942117256	75.15429951927408	2.0	54.6589683837084	0.027907640380481886	0.07141383633131605
GCA_027670505	GMC_5893AJ_0218_015_A6_final	0.0210470306856172	0.014089683983634799	4700378	4448219	5907797	5849934	80.88811889784249	71.6570885705963	92.7394915984731	0.002971820735589032	0.035347354603108054	55.8274683125731	2.0	49.99202034280607	0.003114633419854502	0.0389780545360329
GCA_027670505	GCA_027663725	0.012733813063846067	0.006580201490598568	5039496	4742256	5907797	5943536	539.549203551808	439.7552152498062	690.3539673143629	0.001064756672709421	0.030737534616407047	38.731877005298486	2.0	38.59245219358744	0.0009359577253115924	0.03150377876173301
GCA_027670505	bf_0095_0063_a1_final	0.013987281995009586	0.008152312205320165	4913821	4656961	5907797	6052076	331.9568492582548	276.86435561587365	393.19355350569896	0.0013055703436288956	0.030979895648114146	42.81801123377451	2.0	42.956298723768036	0.0010995896520964552	0.031103117601303347
GCA_027670505	GCA_027680785	0.02622219344356866	0.015942321614377895	4246975	3942274	5907797	5624952	128.23191415034873	102.13697171985594	156.93113564872883	0.002129798898942753	0.04243677817927311	59.763645128543125	2.0	57.67360252469943	0.0020357778766971852	0.04396144740436687
GCA_027670505	OP41wA13	0.015880630593373146	0.009446755119764423	4715178	4479210	5907797	5807607	266.7236387414647	226.3056067868923	321.5008005805615	0.0014657461150327838	0.03255906385153015	46.3655880689991	2.0	47.30763111841757	0.0011776333004570303	0.0322512184666108
GCA_027670505	GCA_027664105	0.01575448543763874	0.00918608441502168	4792286	4546442	5907797	5689189	284.0714680533384	239.25655690643512	339.10570429640546	0.0014706525680917364	0.03317659781027444	44.95181089105848	2.0	46.33662746407589	0.001167081518357294	0.03264724684125863
GCA_027670505	GUT_GENOME001153	0.006464302807387816	0.0014743212107940053	5465864	4863255	5907797	6031112	3180.690731060779	2408.0237828370227	4092.698218443368	0.0003726689536314497	0.02626127639103071	23.502622280328396	2.0	25.250917208757627	0.0002482741738066051	0.024868065061285752
GCA_027670505	GUT_GENOME096133	0.012884174493666205	0.0068045108881718865	5111154	4819450	5907797	6052596	424.1112067682572	355.3175926013803	541.7855639540248	0.0011937673265813254	0.030949008103515977	39.3832084384533	2.0	39.44327576928722	0.001026271569831449	0.03108743093231581
GCA_027670505	GUT_GENOME000831	0.051225542706445484	0.04162608241177379	4298871	4040976	5907797	6605530	3.7886519100941696	3.3883475403446313	4.197565561916551	0.028638758682389694	0.059196314614720906	73.88527591708541	2.0	53.97573261671263	0.02793291542388891	0.07107928804549737
GCA_027670505	GUT_GENOME001215	0.01463742154616508	0.008481255986258065	4889659	4634573	5907797	6179886	322.8275167428457	271.4876458033553	393.91138493252333	0.0013551451406085854	0.03173253510709431	43.62404425792552	2.0	44.18000511378164	0.0011230166000953926	0.03170962465422239
GCA_027670505	GUT_GENOME239778	0.01601113074604655	0.009243465521024284	4773804	4521248	5907797	5700304	282.52744110653373	233.77260121250572	342.22807456329457	0.0014791871840781508	0.033642791199906014	45.19239981957794	2.0	46.558695971002955	0.0011687379934920985	0.03304503509320536
GCA_027670505	GUT_GENOME001255	0.0579147893417235	0.04955907606421841	4226537	4003525	5907797	6486514	2.5142607535007713	2.2808329052802385	3.083873529622333	0.034037645594490074	0.06616428534096841	74.317972011396	2.2266020769602206	52.100293449450966	0.03382846273560349	0.08005854509057031
GCA_027670505	GCA_027682365	0.05721049840741058	0.04906565793524268	4139485	3927309	5907797	6259603	2.416740564344798	2.1969935479730607	2.625571107843723	0.03367251529688877	0.06555341854407357	73.82653061550091	2.2938248462496467	51.44797090768506	0.033801677159279564	0.07930345608284657
GUT_GENOME001792	GMC_5893AJ_0218_015_A6_final	0.0482971632006103	0.0383333096162095	4199874	3935272	6518403	5849934	4.396521805510914	3.9651584651827103	4.835249226411242	0.025888043890164854	0.05541439617879735	75.83017609733832	2.0	52.8155848485931	0.02581223974763222	0.06835510519632064
GUT_GENOME001792	GCA_027663725	0.051855606213302693	0.0419171528418362	4251845	3987246	6518403	5943536	4.014420350892633	3.5364978885415437	4.621405265375284	0.028794625849600713	0.05946960176193407	75.17711261318978	2.0	51.99604789573973	0.028779721650492338	0.07315851266816746
GUT_GENOME001792	bf_0095_0063_a1_final	0.0499179010834834	0.03966962262518956	4318571	4034901	6518403	6052076	4.169732096308601	3.8179358479892835	4.74202881955876	0.02758646190733949	0.05697163673143368	76.02152610628502	2.0	53.92632566326589	0.027707133162416228	0.06889684551270472
GUT_GENOME001792	GCA_027680785	0.05790120867308146	0.04811594639874414	3814100	3581931	6518403	5624952	3.573482448546598	2.9641087736325793	4.4732107482648615	0.03522564414578503	0.0654024517831901	75.09334589028992	2.0	52.90245597471907	0.035449635280359444	0.07788108924165525
GUT_GENOME001792	OP41wA13	0.049701932946228204	0.03945499537226809	4109478	3839894	6518403	5807607	3.957298370707514	3.570917621042061	4.443808706850746	0.02825372230249102	0.05703738471671224	74.5467832007603	2.0	53.238977254749244	0.027848376014987693	0.068888488284212
GUT_GENOME001792	GCA_027664105	0.04961879172604687	0.03968062462755087	4156127	3891471	6518403	5689189	3.729328641788371	3.3896056711042566	4.201525391787766	0.028441931131906992	0.05703407593642857	74.12771837136363	2.0	53.12860993453985	0.027841291846372275	0.0688369862881765
GUT_GENOME001792	GUT_GENOME001153	0.050460385404912385	0.041061678333731234	4400878	4142573	6518403	6031112	4.523207285710118	4.087525527163202	5.243024932892757	0.02870711518190913	0.05705485305197673	76.72004091667658	2.0	54.735849271014445	0.027912382004415967	0.06910721913845864
GUT_GENOME001792	GUT_GENOME096133	0.048565835519953894	0.03884167797782791	4330884	4060149	6518403	6052596	4.1925563305550755	3.75989401790478	4.639204128720402	0.02740695918738758	0.05558644250611301	75.17219049832501	2.0	53.011004746013235	0.02765963825813152	0.06708098778763186
GUT_GENOME001792	GUT_GENOME000831	0.001392578987696213	5.441039983894522e-05	6298386	6065017	6518403	6605530	12670.767410358047	6133.526283114303	19800.235458540104	3.15195675528935e-05	0.044008159772614956	3.224548952300438	2.0	3.275929145924144	2.9649573561641263e-05	0.0416126312210162
GUT_GENOME001792	GUT_GENOME001215	0.048866335070628125	0.038865759166400726	4370780	4089255	6518403	6179886	5.0520079063075425	4.264253214412294	6.196005645635704	0.027956450759104776	0.05466845966036823	78.36811619469789	2.0	54.43550693959747	0.02773100296318336	0.06655564461277019
GUT_GENOME001792	GUT_GENOME239778	0.04961076996935037	0.039670440504657324	4140996	3876690	6518403	5700304	3.7515698112683378	3.3170190017432595	4.141787288757462	0.028327079246853116	0.0569261094865339	74.41330332244686	2.0	53.18172485839543	0.027836815766390334	0.06878348100557125
GUT_GENOME001792	GUT_GENOME001255	0.04133914345416399	0.034576671487110126	4735415	4520331	6518403	6486514	5.565852815597575	4.874117375712171	6.073248962449228	0.025124842395666473	0.04524995857583102	80.51389458169666	2.0	53.34037385151548	0.024712552623237988	0.05587555561706189
GUT_GENOME001792	GCA_027682365	0.0417643145194379	0.03445650344664549	4752622	4521933	6518403	6259603	5.251136819087082	4.766357415059036	5.708720282760619	0.024555448163522377	0.04666847952250523	77.80869836802509	2.0	52.48963528842309	0.024657394077648356	0.057248503720924625
GMC_5893AJ_0218_015_A6_final	GCA_027663725	0.021484754756053007	0.01443784575018169	4633937	4385211	5849934	5943536	72.27805730434058	63.63563807486694	84.72261790298248	0.003030378625439383	0.034980541867125126	57.953154675577	2.0	51.75588171810922	0.0031933427286759243	0.038534707515949417
GMC_5893AJ_0218_015_A6_final	bf_0095_0063_a1_final	0.018953423012065818	0.0129912848075736	4675356	4459913	5849934	6052076	93.81620466605729	75.42330357552865	134.48861939450072	0.002799636142878921	0.032852797056245144	53.68088577200708	2.0	47.016226507931414	0.0030183712197683387	0.03690896321830595
GMC_5893AJ_0218_015_A6_final	GCA_027680785	0.036380931787911415	0.025776643710053015	3995802	3713672	5849934	5624952	29.622542856697027	26.373908665468853	33.34238475875696	0.0037378957148198515	0.044509942957153936	80.12115886967786	2.0	70.80027034468948	0.004594684954993692	0.049496142427880835
GMC_5893AJ_0218_015_A6_final	OP41wA13	0.01902241622948867	0.013130447273151416	4735676	4518201	5849934	5807607	83.30490239806534	74.82937037301903	92.32823024467935	0.002869959518976792	0.03263106658835904	54.45354670909122	2.0	47.506204129045884	0.0030775915830132555	0.03664152244069017
GMC_5893AJ_0218_015_A6_final	GCA_027664105	0.01878853866313584	0.01316299235403789	4752046	4540305	5849934	5689189	84.06121998129149	74.31164499455559	92.52656366368977	0.002843953463955788	0.03215042108559188	54.09468986385666	2.0	47.36376839047799	0.0030649392194498936	0.03625262826168835
GMC_5893AJ_0218_015_A6_final	GUT_GENOME001153	0.02077713382004738	0.01390151661051747	4712007	4465484	5849934	6031112	77.14230302193606	68.41363183224514	86.06911413807745	0.002993556657871883	0.03491060671837951	55.45133871134484	2.0	49.78773534843243	0.0031252351461605672	0.03857903393966716
GMC_5893AJ_0218_015_A6_final	GUT_GENOME096133	0.018393218850613506	0.012679214484328976	4823843	4606910	5849934	6052596	88.89570781198655	77.0100239757851	101.87506214747323	0.00282791988362861	0.032154069435937405	53.019232478913025	2.0	46.23152045449833	0.0030355930896191637	0.036239806724399894
GMC_5893AJ_0218_015_A6_final	GUT_GENOME000831	0.04803594282884131	0.03825506173426521	4213803	3953882	5849934	6605530	4.064926751091947	3.72174715635669	4.455560694893429	0.025946785596714046	0.05549723389784148	74.7441041439754	2.0	52.19919770229533	0.02579347502234405	0.06840224217877137
GMC_5893AJ_0218_015_A6_final	GUT_GENOME001215	0.01963417732451135	0.013324495537918611	4770508	4542611	5849934	6179886	84.511227432535	74.73370245201441	97.24919351222358	0.0029423498682858264	0.03422157449166883	53.112178341626326	2.0	47.4389885944314	0.0030841859630228916	0.03796669538243859
GMC_5893AJ_0218_015_A6_final	GUT_GENOME239778	0.019050721965435884	0.013209514099876944	4748219	4529614	5849934	5700304	84.326391501516	75.17425615706497	92.74851446044728	0.002846398894999183	0.032625854868108935	54.74081640821955	2.0	47.5723042571567	0.00305982562577853	0.036665940881291506
GMC_5893AJ_0218_015_A6_final	GUT_GENOME001255	0.05603857909114552	0.04810307128649824	4091128	3888338	5849934	6486514	2.368804501422504	2.1909564982295273	2.5908899552368974	0.033967340362742744	0.06382613242481694	73.88598820105764	2.292349500843652	50.94494156764951	0.03381081013730646	0.0774118085473842
GMC_5893AJ_0218_015_A6_final	GCA_027682365	0.054826959157455404	0.047094888831909376	3983077	3790836	5849934	6259603	2.4111818701731984	2.2352809665327023	2.610405512501262	0.03355985795501803	0.062387464809450455	73.77707140426266	2.264849968354852	52.965106789046125	0.03287106246662985	0.07432710111328893
GCA_027663725	bf_0095_0063_a1_final	0.013071760529523458	0.007482883940113893	4942104	4688433	5943536	6052076	353.0953032155542	298.7645132659914	423.1173311319839	0.0012613582900110807	0.02940506469127385	42.066636999397694	2.0	41.81170565854448	0.0010833681135226654	0.029756184022492197
GCA_027663725	GCA_027680785	0.025164291000604282	0.015092447314075608	4241407	3930509	5943536	5624952	122.07794938012589	104.81239149527637	142.5507448653824	0.0022057499173498527	0.0412868075443328	58.770246140444	2.0	56.849428133474824	0.0020743250628484956	0.04268949781664305
GCA_027663725	OP41wA13	0.01577895347324309	0.008976751846460011	4788277	4529478	5943536	5807607	243.1646793429859	209.40433986594778	272.2432688004536	0.0015896002638810126	0.03329241853316484	44.63659188694088	2.0	40.980918462197245	0.001684510431966585	0.03606535797260247
GCA_027663725	GCA_027664105	0.015384685433101992	0.008664824271237069	4831818	4563624	5943536	5689189	257.6939484715901	220.82885506161483	298.6361335281655	0.0015736568918297933	0.03326523357372892	43.47131722680533	2.0	39.80831729077398	0.0016660361785542335	0.03608211343934716
GCA_027663725	GUT_GENOME001153	0.012797633598983034	0.0066383340594523945	5072344	4774240	5943536	6031112	528.8605758064912	432.4973200759529	620.8737615266172	0.0010379411043714222	0.030848200864700116	39.43962435394731	2.0	38.772331111724576	0.0009372645003382408	0.03152924909728559
GCA_027663725	GUT_GENOME096133	0.013334830639727516	0.007281748712540296	4960018	4685001	5943536	6052596	321.7563466548168	264.97566227859573	386.4940297532257	0.0014055971249307992	0.03078604225572864	40.3121929171971	2.0	41.738420277873004	0.001134238989357207	0.030362737941109295
GCA_027663725	GUT_GENOME000831	0.05164833782923514	0.04183834597300896	4214579	3955534	5943536	6605530	3.650792541861631	3.26360914754494	4.020548852095849	0.028953110576832405	0.059888037459200155	73.37037584111987	2.0	51.17772002895352	0.028782422710477644	0.07345528684092816
GCA_027663725	GUT_GENOME001215	0.013812021781201231	0.007154616818823391	5071162	4768110	5943536	6179886	385.57332696490136	310.9265545637286	489.83064194059835	0.0012913804711716904	0.032041569722057656	40.51961685258673	2.0	41.40229771707509	0.0010618804799651202	0.031858501899529504
GCA_027663725	GUT_GENOME239778	0.014703590970787795	0.008500293303103033	4800596	4548196	5943536	5700304	256.6327430731191	218.01054852267325	311.262534656413	0.0015442612938857626	0.031625905377512205	43.477653664802055	2.0	39.53621618242997	0.0016667872710670146	0.034599892325912686
GCA_027663725	GUT_GENOME001255	0.05962038589946929	0.05141338436025781	4149319	3938313	5943536	6486514	2.3744181982649764	2.1662530320303435	2.5174525908668555	0.03468376576506104	0.06887392944627072	72.93486433954277	2.310572892428916	52.46360042425996	0.034017494929005236	0.08282322560563458
GCA_027663725	GCA_027682365	0.057137340979688894	0.04900090213932556	4055614	3847521	5943536	6259603	2.4629586414030977	2.195160992820733	2.998155119080782	0.034991203051298256	0.06514490828698156	73.42331179110742	2.198663775605781	53.865884035810296	0.03474946884434546	0.07631569067350653
bf_0095_0063_a1_final	GCA_027680785	0.02881854304128987	0.018584233460952563	4181752	3878987	6052076	5624952	75.01593992664996	67.31410675785953	85.79636490876705	0.0026092523184088083	0.042094553244150824	66.38020524592486	2.0	60.136096726742174	0.0029890498904987877	0.04594113150452433
bf_0095_0063_a1_final	OP41wA13	0.011177267860345636	0.005250484054036009	4806094	4493300	6052076	5807607	482.4989823123518	405.62572580883256	570.6265284782493	0.0010781837142104156	0.029469028772403854	35.565888781636076	2.0	35.15394940844719	0.0009595468476709822	0.030016306013285046
bf_0095_0063_a1_final	GCA_027664105	0.011227844940751545	0.005422031420280132	4882237	4566923	6052076	5689189	478.3461838390306	391.2671582244231	589.8783932256442	0.001059814406635376	0.029105545617090868	36.42762704334693	2.0	35.77940302788192	0.0009510335587598572	0.029654497289334086
bf_0095_0063_a1_final	GUT_GENOME001153	0.01367944864173254	0.008000745733040111	5042674	4784554	6052076	6031112	334.12684260026475	285.991036938693	390.34968803794385	0.0013201793190728323	0.03046595822966327	42.33816809896041	2.0	42.73020280656518	0.0011096834522409088	0.030525452408819684
bf_0095_0063_a1_final	GUT_GENOME096133	0.012089100393933516	0.005504543626252638	4965051	4636715	6052076	6052596	409.0523309810633	340.02253227638306	480.946627090386	0.0012540077231671012	0.03151915009627014	35.79403101829885	2.0	36.88043270247675	0.0010289945266249915	0.031021027750045636
bf_0095_0063_a1_final	GUT_GENOME000831	0.04941979086107058	0.03940342558021321	4445466	4160755	6052076	6605530	4.194992798397953	3.7635008816591715	4.869063127471547	0.027733561676230756	0.056123039799622784	76.2998763753007	2.0	53.729848916088244	0.02772526136639655	0.06809243732804013
bf_0095_0063_a1_final	GUT_GENOME001215	0.013300112489294677	0.007634999898495538	5095596	4827374	6052076	6179886	349.5624583988467	293.9373946510235	399.9276597380338	0.0012557304411260828	0.030432883768502925	41.20880297242917	2.0	41.31981588529143	0.0010736063956115302	0.030659524061830062
bf_0095_0063_a1_final	GUT_GENOME239778	0.011664039222210472	0.005415653147130106	4850721	4524662	6052076	5700304	479.6952814209448	394.52504579889785	577.2308198368511	0.001090393987192399	0.030597563268922125	35.79190932652631	2.0	35.81178605303311	0.0009560552521684451	0.030834831149744515
bf_0095_0063_a1_final	GUT_GENOME001255	0.05662091585968916	0.048423972198641925	4251874	4032321	6052076	6486514	2.8661086600614802	2.513527682022194	3.5782028099696555	0.035216123708393124	0.06340400767018359	75.97473430037084	2.0322109629976985	52.691751255601694	0.03549574478866698	0.07559440153578573
bf_0095_0063_a1_final	GCA_027682365	0.056504075148299124	0.04837430121670503	4102182	3892480	6052076	6259603	2.46560076618112	2.207828045482369	2.7409784523096468	0.03439043445811553	0.06436020857984842	73.77398660477421	2.2061823521990607	51.29899420908259	0.03386757453625928	0.07799660387244042
GCA_027680785	OP41wA13	0.029761453493036598	0.0181902305489859	4075809	3754213	5624952	5807607	82.18050578788312	71.13217049813761	105.20423386046588	0.0025646978122014484	0.044139665151923496	65.34701441658726	2.0	59.71925691428011	0.002911843548190505	0.04786923020720137
GCA_027680785	GCA_027664105	0.029499797358119386	0.018150113088838557	4073689	3756781	5624952	5689189	81.61622468792558	70.71961579599837	97.08881460994361	0.0026517540153442134	0.044230689162078056	64.52459445180348	2.0	59.05346510343135	0.002957095313764753	0.04789030877412253
GCA_027680785	GUT_GENOME001153	0.027249300935472412	0.016883212497091644	4203117	3898251	5624952	6031112	113.0862780457902	96.91540317374464	136.23762447880964	0.002203015822283792	0.042623216880117124	61.64714897196578	2.0	59.7437056779782	0.0020967103124169776	0.04420332094113766
GCA_027680785	GUT_GENOME096133	0.03035182532738338	0.018568129061041397	4108715	3774586	5624952	6052596	74.33022301727765	63.742335661928266	85.79947890080506	0.002735979036997401	0.044617493310081455	65.95910215204651	2.0	60.639515068893324	0.003008133098308312	0.04809819351878634
GCA_027680785	GUT_GENOME000831	0.058619632152592145	0.04869683323293802	3792279	3557603	5624952	6605530	2.784289974245573	2.41744715482966	3.2715180705428013	0.03507594440581623	0.0676201181971224	72.32180607328426	2.0	52.072480778614484	0.03541912938198096	0.07997273660189777
GCA_027680785	GUT_GENOME001215	0.028550264000089674	0.01757754018293683	4192991	3870735	5624952	6179886	85.40971490678187	73.80239294599329	96.91800046425517	0.0026420302418153534	0.043505480708987986	63.38647773593092	2.0	57.86667620853759	0.0029362774239205794	0.047204615387659195
GCA_027680785	GUT_GENOME239778	0.02998237849709362	0.0183302520008609	4066055	3740265	5624952	5700304	81.08669633191509	71.82649132758677	94.10760632762283	0.002645335493914676	0.0446664404360893	65.01953659034206	2.0	59.4676703196684	0.0029516295442130252	0.048397838406351985
GCA_027680785	GUT_GENOME001255	0.06365350866701316	0.0546568878623153	3678776	3473908	5624952	6486514	2.1210144399344633	1.931529450763808	2.457014058962588	0.036710194251029823	0.07317821908718995	73.84311571537526	2.3789756683480694	54.5332191361801	0.03611715105848456	0.08660465781126575
GCA_027680785	GCA_027682365	0.06334906037409845	0.05446039194197966	3653156	3452858	5624952	6259603	2.1515408419055797	1.9865729656642321	2.339288088873132	0.03644028995411218	0.07290805119089495	73.81069685607004	2.3985942650097245	54.36101033609418	0.036030763809655045	0.0862851818273412
OP41wA13	GCA_027664105	0.0030831599722622284	0.0003132861232858441	5342895	4835835	5807607	5689189	2424.512942201009	1542.094089734152	3204.440961416447	0.00018706962475887223	0.031188362297822153	9.38069117056564	2.0	9.843783637061373	0.00015352671248522256	0.029895869771353435
OP41wA13	GUT_GENOME001153	0.015612019492361757	0.009021612657520836	4765559	4518926	5807607	6031112	306.3105595631806	253.3525866579185	376.338944711443	0.0013810969766863623	0.03326121990247561	44.58853213324337	2.0	45.37269264269149	0.0011345858306440336	0.03303093204071245
OP41wA13	GUT_GENOME096133	0.010672727878771526	0.004766557149899637	5040136	4693954	5807607	6052596	599.2097090130643	465.95551109692457	811.3186360504584	0.0009909267534222248	0.02899766084410385	34.63425219139036	2.0	33.91609779330052	0.0009048677216901412	0.029699946380083962
OP41wA13	GUT_GENOME000831	0.049483802846273565	0.03952720089846623	4099887	3839432	5807607	6605530	3.6904444548198287	3.2047532258242692	5.213512578664732	0.02845772785394555	0.057216581092899926	73.0523117833776	2.0	52.51222874150697	0.02785979964037739	0.06901318885978901
OP41wA13	GUT_GENOME001215	0.01311062755446152	0.006913160894544599	4926919	4646789	5807607	6179886	384.7915230495068	312.97745277579764	463.7911110802365	0.0012478359590768152	0.03129433470877714	39.562620091001385	2.0	39.67823792123426	0.001056487573407033	0.031431596419772494
OP41wA13	GUT_GENOME239778	0.003513918499943716	0.00033043805662394876	5303481	4796663	5807607	5700304	2442.691619514617	1572.6421667895804	3376.772890482389	0.00019115924806903465	0.03455951756183858	9.618786312825094	2.0	10.313905573733392	0.00015434272917478757	0.032677716449400464
OP41wA13	GUT_GENOME001255	0.05698230949191696	0.04892116480014116	4011982	3808413	5807607	6486514	2.3334540960236576	2.140915972999944	2.541640787762152	0.035064774896081834	0.06495652406370636	73.32996688984579	2.270543469211372	53.83378417122698	0.034777372755501273	0.07602508749528897
OP41wA13	GCA_027682365	0.05665355365384931	0.04837407661671933	3896384	3694024	5807607	6259603	2.259720961327798	2.0435000063024633	2.4762313301041616	0.034633954768954874	0.06526134638506288	71.87154118442463	2.301895387843257	50.51919547163999	0.03397317769130905	0.07885840633606934
GCA_027664105	GUT_GENOME001153	0.01512344922491885	0.008715189830771514	4854911	4600703	5689189	6031112	330.35156555097126	260.3398628247213	417.4314913694778	0.0013612721987816176	0.03293386869389718	43.751058996317376	2.0	44.56427688504326	0.0011155582808407482	0.032542223951957945
GCA_027664105	GUT_GENOME096133	0.010376964226011368	0.004905189953193599	5024880	4698289	5689189	6052596	599.4400188068741	462.56486647920195	783.3156689407828	0.0009600976052862894	0.02795235672726019	34.74905841400299	2.0	34.01606305795241	0.0008995776772248567	0.028728483284722314
GCA_027664105	GUT_GENOME000831	0.04908316363810813	0.03947949924155912	4148123	3894173	5689189	6605530	3.510808813956702	3.149467378587498	3.843415032358132	0.028637955505632456	0.056540049012586316	73.26810583357565	2.0	52.577642746913575	0.027871968271721358	0.06821165721019586
GCA_027664105	GUT_GENOME001215	0.013501307857228839	0.0072049164786634	4917968	4636001	5689189	6179886	390.55322911781053	331.5841760512204	472.44119360542726	0.0012286120963686678	0.031492578047468564	40.6374841046581	2.0	40.582259688227694	0.0010551410186200472	0.03170926251043211
GCA_027664105	GUT_GENOME239778	0.0005286574119787211	5.624555138511928e-05	5549908	5511547	5689189	5700304	2464.0492172579	437.6188279074143	6156.005741729902	2.0000000000000053e-08	0.0037081463267054126	0.09999999999999432	2.0	2.780681203820508	0.0	0.01891223253606579
GCA_027664105	GUT_GENOME001255	0.05668357379834845	0.048852126144951456	4058248	3858133	5689189	6486514	2.2908415194812624	2.0718078605734287	2.4973401045901418	0.03488330691191434	0.06476375034882817	72.99147911189536	2.3250829015699646	53.38155916496192	0.034775013878241584	0.07580960628225901
GCA_027664105	GCA_027682365	0.05612036464230271	0.04822763791021933	3940958	3746441	5689189	6259603	2.242954915229408	2.061485255811776	2.4621185145793936	0.03441814386117362	0.06451508113081965	72.11086967996359	2.3326252163084518	50.23921016230759	0.033929919412423855	0.07809571059168567
GUT_GENOME001153	GUT_GENOME096133	0.013559257631517064	0.0069213431927118724	5158247	4843713	6031112	6052596	424.3237312145384	346.4417064617507	541.46868693054	0.001247234030267328	0.032452729090432605	39.036300953736784	2.0	40.05196517557636	0.0010364200925058614	0.032299223760469606
GUT_GENOME001153	GUT_GENOME000831	0.04971390183879255	0.03962815543116455	4443405	4155177	6031112	6605530	4.5440463191217955	3.7791827915892733	5.881349708631579	0.028828134920505184	0.05616314201719679	76.46596910478475	2.0	51.588069780528976	0.028692658204302834	0.06943980044221014
GUT_GENOME001153	GUT_GENOME001215	0.013532348056961189	0.008158051934868193	5103475	4856429	6031112	6179886	310.51295980249483	259.6867953729262	371.4137868747429	0.0013552358636110438	0.029396439587840995	43.2414413416967	2.0	43.4861000872113	0.0011392852808074297	0.029632241629804358
GUT_GENOME001153	GUT_GENOME239778	0.01532471589218778	0.00872423229901368	4840416	4577824	6031112	5700304	330.3648829739767	272.4413557567148	390.20644615232817	0.0013766222819398292	0.03319525722574448	43.617312929800484	2.0	44.67920239694183	0.0011186105145206111	0.032906664658993605
GUT_GENOME001153	GUT_GENOME001255	0.0576724495996431	0.04954737853567758	4160288	3946344	6031112	6486514	2.2970937592147864	2.0700484699701036	2.687134618689463	0.034291033374279016	0.06643677640685573	72.72500632541568	2.3238549373559834	51.29287028021206	0.03390913836816853	0.08023201856148868
GUT_GENOME001153	GCA_027682365	0.05703093284209054	0.048723995195230636	4076735	3863661	6031112	6259603	2.3431909801006126	2.1513816527456124	2.5806524487542504	0.034357240169089295	0.06557803718867432	72.61297386677116	2.2695396400774333	50.98876294224447	0.033923029130282334	0.07924708882687277
GUT_GENOME096133	GUT_GENOME000831	0.04808515335854933	0.038723155831493876	4302825	4044221	6052596	6605530	3.834308350741718	3.4657788462463706	4.317658583540753	0.027704852484505448	0.05530209173658067	73.80824872176187	2.0	52.06420418884679	0.027716703440581157	0.06682701832155474
GUT_GENOME096133	GUT_GENOME001215	0.012448653864107888	0.006553852163156057	5152043	4859127	6052596	6179886	364.1568961136416	284.4885331148887	448.93725662296526	0.0012999363698794882	0.03070870920722594	38.41831639532323	2.0	39.03049834016035	0.0010894096669427317	0.030191667044513138
GUT_GENOME096133	GUT_GENOME239778	0.010577920836076563	0.004956090923349184	5009302	4679898	6052596	5700304	601.3007581154014	473.4315086346984	800.5295644778678	0.0009753155636953259	0.028397803377479283	35.121134938694084	2.0	34.252455874131456	0.0009021227489448121	0.02913878638752608
GUT_GENOME096133	GUT_GENOME001255	0.05723820620222116	0.049415647086026804	4185823	3978760	6052596	6486514	2.2357275687094305	2.06559268154382	2.3840726765097324	0.03402894245494538	0.06596653012847938	72.65853074241217	2.3904419188204056	51.049009534278	0.033896129673961425	0.07960118894376454
GUT_GENOME096133	GCA_027682365	0.0564606950286208	0.04840453179067735	4118334	3909448	6052596	6259603	2.3607490163206544	2.1741314691886084	2.6219830232926533	0.03415667024158171	0.06506998344421325	72.07853075835602	2.2517212509963764	50.39588089571089	0.03385220369367827	0.07867127710843759
GUT_GENOME000831	GUT_GENOME001215	0.04879501741502668	0.03900644652353425	4371225	4097092	6605530	6179886	4.504867587707478	3.8497215656069588	5.575839039388743	0.02803368307889942	0.05507341704079822	76.72616449494758	2.0	53.71484795094158	0.027763941071779184	0.06690187129164228
GUT_GENOME000831	GUT_GENOME239778	0.04914686713192733	0.03952848722986248	4122277	3868400	6605530	5700304	3.4732057564980434	3.1338052905329903	3.8073553028509086	0.028548316429791283	0.056657878273173215	73.27245190177118	2.0	52.459752265641114	0.027875822998006415	0.06841590175041917
GUT_GENOME000831	GUT_GENOME001255	0.040661161975698155	0.03385576589907143	4807536	4588790	6605530	6486514	7.4004930063004934	5.965159649368651	11.132284188625574	0.024800219116021583	0.04393559135169574	82.74163422216404	2.0	53.72404610327466	0.024641190486892447	0.054413480750986086
GUT_GENOME000831	GCA_027682365	0.040739394810122835	0.03395218923679013	4733060	4517853	6605530	6259603	5.334183619738207	4.860528178199439	5.901980486470534	0.02434679389981968	0.045195070095556344	78.62870714081532	2.0	52.0873176040489	0.02455643276143196	0.05562704567393503
GUT_GENOME001215	GUT_GENOME239778	0.01370484731876862	0.007120342245042608	4898048	4609329	6179886	5700304	389.22547248575836	326.06248187807216	470.73484700913156	0.0012659758682988431	0.032507014592910895	39.80594432439889	2.0	40.52908864429969	0.0010565351005203047	0.0322619359477299
GUT_GENOME001215	GUT_GENOME001255	0.057290984274295506	0.04886902679213782	4136794	3918351	6179886	6486514	2.2935911235404416	2.0412147856907006	2.4841968885890533	0.034484795386509844	0.0658182272085967	72.83323801740784	2.2786214750607745	51.155143440888814	0.03390369745403235	0.07962404877818705
GUT_GENOME001215	GCA_027682365	0.05635074652530424	0.04822201126687826	4070860	3864957	6179886	6259603	2.3987499680727535	2.1681683360174584	2.7018320541689214	0.034601122797875104	0.06469197457005572	72.2731809511021	2.2145648974876	50.56450324942568	0.03388618290258344	0.07827855437712171
GUT_GENOME239778	GUT_GENOME001255	0.05656613897127543	0.048768384529171954	4032819	3834882	5700304	6486514	2.3164559480971825	2.0801352642867306	2.626102855195158	0.03516436404083606	0.06442617896463419	73.12318418201659	2.281522906779796	53.37805997172549	0.03480574544487272	0.07556829835039568
GUT_GENOME239778	GCA_027682365	0.05589519428702127	0.04784674905527232	3934900	3735468	5700304	6259603	2.322822668145456	2.0615857348676627	2.6535017259954388	0.03489889343909483	0.06391287359262555	72.398076694026	2.2366280918691603	52.89594427992221	0.03471047977413146	0.07475510596376744
GUT_GENOME001255	GCA_027682365	0.007024839854858089	0.003222109691367635	5300192	4984312	6486514	6259603	152.14938141644797	126.71453986243769	183.0541819654743	0.0016051197595713833	0.02552981014053518	22.908280845879275	2.0	26.349011652592345	0.0012421373576395943	0.023172151598329378
